candidate_score,confidence,inferred_team,chain_id,chain,symbol,ca,best_match_symbol,best_match_ca,best_match_chain_id,best_match_chain,evidence
93.54,HIGH_LEAD,team astro,4663,RBH,CATCH,0xE9E5CfdCA8fbEe1f68A7C92D7316331d1aaB5Fb9,PANTHER,0x97BafF797Fc44F3deBb50eb62e0E1175ca360000,4663,RBH,"[{""anchor_value"": ""0xf70da97812cb96acdf810712aa562db8dfa3dbef"", ""contribution"": 0.85, ""feature"": ""funder_1hop"", ""proximity"": 1.0, ""reliability"": 0.85, ""type"": ""categorical"", ""value"": ""0xf70da97812cb96acdf810712aa562db8dfa3dbef""}, {""anchor_value"": ""0.2942"", ""contribution"": 0.2171, ""feature"": ""gwei"", ""proximity"": 0.96, ""reliability"": 0.22, ""type"": ""numeric"", ""value"": ""0.2961 (ref: 0.2942)""}, {""anchor_value"": ""1.0733"", ""contribution"": 0.2077, ""feature"": ""fund_amount"", ""proximity"": 0.81, ""reliability"": 0.22, ""type"": ""numeric"", ""value"": ""1.0433 (ref: 1.0733)""}, {""anchor_value"": ""0.5940"", ""contribution"": 0.1799, ""feature"": ""max_gwei"", ""proximity"": 0.39, ""reliability"": 0.22, ""type"": ""numeric"", ""value"": ""0.6536 (ref: 0.5940)""}, {""anchor_value"": ""434d13e2"", ""contribution"": 0.08, ""feature"": ""method_selector"", ""proximity"": 1.0, ""reliability"": 0.08, ""type"": ""categorical"", ""value"": ""434d13e2""}, {""anchor_value"": ""pons"", ""contribution"": 0.08, ""feature"": ""launchpad"", ""proximity"": 1.0, ""reliability"": 0.08, ""type"": ""categorical"", ""value"": ""pons""}]"
93.18,HIGH_LEAD,team astro,4663,RBH,Jacob,0x3df3644BCF4cE0d993E18C86c3080e53bFea06F1,GME,0x232eCBdb38040c93EEBf497121e1241067e937bF,4663,RBH,"[{""anchor_value"": ""0xf70da97812cb96acdf810712aa562db8dfa3dbef"", ""contribution"": 0.85, ""feature"": ""funder_1hop"", ""proximity"": 1.0, ""reliability"": 0.85, ""type"": ""categorical"", ""value"": ""0xf70da97812cb96acdf810712aa562db8dfa3dbef""}, {""anchor_value"": ""0.0005"", ""contribution"": 0.22, ""feature"": ""value_eth"", ""proximity"": 1.0, ""reliability"": 0.22, ""type"": ""numeric"", ""value"": ""0.0005 (ref: 0.0005)""}, {""anchor_value"": ""0.2469"", ""contribution"": 0.1824, ""feature"": ""gwei"", ""proximity"": 0.43, ""reliability"": 0.22, ""type"": ""numeric"", ""value"": ""0.2258 (ref: 0.2469)""}, {""anchor_value"": ""1.9807"", ""contribution"": 0.1578, ""feature"": ""fund_amount"", ""proximity"": 0.06, ""reliability"": 0.22, ""type"": ""numeric"", ""value"": ""2.3065 (ref: 1.9807)""}, {""anchor_value"": ""434d13e2"", ""contribution"": 0.08, ""feature"": ""method_selector"", ""proximity"": 1.0, ""reliability"": 0.08, ""type"": ""categorical"", ""value"": ""434d13e2""}, {""anchor_value"": ""pons"", ""contribution"": 0.08, ""feature"": ""launchpad"", ""proximity"": 1.0, ""reliability"": 0.08, ""type"": ""categorical"", ""value"": ""pons""}]"
93.07,HIGH_LEAD,team astro,4663,RBH,LUCKY,0x1a7EAEc7d9E7e5123416b7B29ae8bC9B57c00922,BYCOCKET,0x173727CDe55cF8FE46fd2D9EF4a19D7188A14d3b,4663,RBH,"[{""anchor_value"": ""0x88d25c861938a91af4ad57ad964a8fcc6c6351d3"", ""contribution"": 0.85, ""feature"": ""funder_1hop"", ""proximity"": 1.0, ""reliability"": 0.85, ""type"": ""categorical"", ""value"": ""0x88d25c861938a91af4ad57ad964a8fcc6c6351d3""}, {""anchor_value"": ""0.0005"", ""contribution"": 0.22, ""feature"": ""value_eth"", ""proximity"": 1.0, ""reliability"": 0.22, ""type"": ""numeric"", ""value"": ""0.0005 (ref: 0.0005)""}, {""anchor_value"": ""0.6124"", ""contribution"": 0.1936, ""feature"": ""max_gwei"", ""proximity"": 0.6, ""reliability"": 0.22, ""type"": ""numeric"", ""value"": ""0.5756 (ref: 0.6124)""}, {""anchor_value"": ""3"", ""contribution"": 0.132, ""feature"": ""nonce"", ""proximity"": 0.6, ""reliability"": 0.22, ""type"": ""numeric"", ""value"": ""2""}, {""anchor_value"": ""434d13e2"", ""contribution"": 0.08, ""feature"": ""method_selector"", ""proximity"": 1.0, ""reliability"": 0.08, ""type"": ""categorical"", ""value"": ""434d13e2""}, {""anchor_value"": ""pons"", ""contribution"": 0.08, ""feature"": ""launchpad"", ""proximity"": 1.0, ""reliability"": 0.08, ""type"": ""categorical"", ""value"": ""pons""}]"
92.28,HIGH_LEAD,team astro,4663,RBH,XL,0x1cDb289BeFDFaC8aF945a288BCdcCc382cB34d32,CEREBRO,0xEb24a2663af4Ee979dCbfE39cB95B5F12D369c4B,4663,RBH,"[{""anchor_value"": ""0x88d25c861938a91af4ad57ad964a8fcc6c6351d3"", ""contribution"": 0.85, ""feature"": ""funder_1hop"", ""proximity"": 1.0, ""reliability"": 0.85, ""type"": ""categorical"", ""value"": ""0x88d25c861938a91af4ad57ad964a8fcc6c6351d3""}, {""anchor_value"": ""0.0005"", ""contribution"": 0.22, ""feature"": ""value_eth"", ""proximity"": 1.0, ""reliability"": 0.22, ""type"": ""numeric"", ""value"": ""0.0005 (ref: 0.0005)""}, {""anchor_value"": ""1"", ""contribution"": 0.22, ""feature"": ""nonce"", ""proximity"": 1.0, ""reliability"": 0.22, ""type"": ""numeric"", ""value"": ""1""}, {""anchor_value"": ""434d13e2"", ""contribution"": 0.08, ""feature"": ""method_selector"", ""proximity"": 1.0, ""reliability"": 0.08, ""type"": ""categorical"", ""value"": ""434d13e2""}, {""anchor_value"": ""pons"", ""contribution"": 0.08, ""feature"": ""launchpad"", ""proximity"": 1.0, ""reliability"": 0.08, ""type"": ""categorical"", ""value"": ""pons""}]"
92.22,HIGH_LEAD,team astro,4663,RBH,WORM,0x3bA500F1AbabbCF0F0247D06D1c56Fd7E6C4c09D,CEREBRO,0xEb24a2663af4Ee979dCbfE39cB95B5F12D369c4B,4663,RBH,"[{""anchor_value"": ""0x88d25c861938a91af4ad57ad964a8fcc6c6351d3"", ""contribution"": 0.85, ""feature"": ""funder_1hop"", ""proximity"": 1.0, ""reliability"": 0.85, ""type"": ""categorical"", ""value"": ""0x88d25c861938a91af4ad57ad964a8fcc6c6351d3""}, {""anchor_value"": ""0.0005"", ""contribution"": 0.22, ""feature"": ""value_eth"", ""proximity"": 1.0, ""reliability"": 0.22, ""type"": ""numeric"", ""value"": ""0.0005 (ref: 0.0005)""}, {""anchor_value"": ""0.2381"", ""contribution"": 0.2146, ""feature"": ""gwei"", ""proximity"": 0.92, ""reliability"": 0.22, ""type"": ""numeric"", ""value"": ""0.2352 (ref: 0.2381)""}, {""anchor_value"": ""434d13e2"", ""contribution"": 0.08, ""feature"": ""method_selector"", ""proximity"": 1.0, ""reliability"": 0.08, ""type"": ""categorical"", ""value"": ""434d13e2""}, {""anchor_value"": ""pons"", ""contribution"": 0.08, ""feature"": ""launchpad"", ""proximity"": 1.0, ""reliability"": 0.08, ""type"": ""categorical"", ""value"": ""pons""}]"
92.21,HIGH_LEAD,team astro,4663,RBH,HYPURPS,0xCFB0D53FBde4510508aD43cBf892407188C93E54,ROBBY,0xF28f00d39C6aa5fF851978a70B6dD7340891FD5f,4663,RBH,"[{""anchor_value"": ""0xf70da97812cb96acdf810712aa562db8dfa3dbef"", ""contribution"": 0.85, ""feature"": ""funder_1hop"", ""proximity"": 1.0, ""reliability"": 0.85, ""type"": ""categorical"", ""value"": ""0xf70da97812cb96acdf810712aa562db8dfa3dbef""}, {""anchor_value"": ""0.5129"", ""contribution"": 0.2199, ""feature"": ""max_gwei"", ""proximity"": 1.0, ""reliability"": 0.22, ""type"": ""numeric"", ""value"": ""0.5127 (ref: 0.5129)""}, {""anchor_value"": ""0.3039"", ""contribution"": 0.2137, ""feature"": ""gwei"", ""proximity"": 0.9, ""reliability"": 0.22, ""type"": ""numeric"", ""value"": ""0.3083 (ref: 0.3039)""}, {""anchor_value"": ""434d13e2"", ""contribution"": 0.08, ""feature"": ""method_selector"", ""proximity"": 1.0, ""reliability"": 0.08, ""type"": ""categorical"", ""value"": ""434d13e2""}, {""anchor_value"": ""pons"", ""contribution"": 0.08, ""feature"": ""launchpad"", ""proximity"": 1.0, ""reliability"": 0.08, ""type"": ""categorical"", ""value"": ""pons""}]"
91.4,HIGH_LEAD,team astro,4663,RBH,XCOINS,0xFB7710Bc08fE297d648b2617B8c1e25129D1a2F5,GME,0x232eCBdb38040c93EEBf497121e1241067e937bF,4663,RBH,"[{""anchor_value"": ""0xf70da97812cb96acdf810712aa562db8dfa3dbef"", ""contribution"": 0.85, ""feature"": ""funder_1hop"", ""proximity"": 1.0, ""reliability"": 0.85, ""type"": ""categorical"", ""value"": ""0xf70da97812cb96acdf810712aa562db8dfa3dbef""}, {""anchor_value"": ""0.2469"", ""contribution"": 0.1917, ""feature"": ""gwei"", ""proximity"": 0.57, ""reliability"": 0.22, ""type"": ""numeric"", ""value"": ""0.2310 (ref: 0.2469)""}, {""anchor_value"": ""0.4199"", ""contribution"": 0.1619, ""feature"": ""max_gwei"", ""proximity"": 0.12, ""reliability"": 0.22, ""type"": ""numeric"", ""value"": ""0.3645 (ref: 0.4199)""}, {""anchor_value"": ""434d13e2"", ""contribution"": 0.08, ""feature"": ""method_selector"", ""proximity"": 1.0, ""reliability"": 0.08, ""type"": ""categorical"", ""value"": ""434d13e2""}, {""anchor_value"": ""pons"", ""contribution"": 0.08, ""feature"": ""launchpad"", ""proximity"": 1.0, ""reliability"": 0.08, ""type"": ""categorical"", ""value"": ""pons""}]"
90.1,HIGH_LEAD,team astro,4663,RBH,HIPPO,0x2376ceCA251151C392C11C3C032ee3c76C0d8f84,CEREBRO,0xEb24a2663af4Ee979dCbfE39cB95B5F12D369c4B,4663,RBH,"[{""anchor_value"": ""0x88d25c861938a91af4ad57ad964a8fcc6c6351d3"", ""contribution"": 0.85, ""feature"": ""funder_1hop"", ""proximity"": 1.0, ""reliability"": 0.85, ""type"": ""categorical"", ""value"": ""0x88d25c861938a91af4ad57ad964a8fcc6c6351d3""}, {""anchor_value"": ""0.0005"", ""contribution"": 0.22, ""feature"": ""value_eth"", ""proximity"": 1.0, ""reliability"": 0.22, ""type"": ""numeric"", ""value"": ""0.0005 (ref: 0.0005)""}, {""anchor_value"": ""434d13e2"", ""contribution"": 0.08, ""feature"": ""method_selector"", ""proximity"": 1.0, ""reliability"": 0.08, ""type"": ""categorical"", ""value"": ""434d13e2""}, {""anchor_value"": ""pons"", ""contribution"": 0.08, ""feature"": ""launchpad"", ""proximity"": 1.0, ""reliability"": 0.08, ""type"": ""categorical"", ""value"": ""pons""}]"
89.95,HIGH_LEAD,team astro,4663,RBH,XCASH,0x563Ee01B6ca20D0547924eC27e9b5615Aaf171C9,SAFEMOON,0x4fFCE3A117e17076C072Fb95E447b2361f69763B,4663,RBH,"[{""anchor_value"": ""0xf70da97812cb96acdf810712aa562db8dfa3dbef"", ""contribution"": 0.85, ""feature"": ""funder_1hop"", ""proximity"": 1.0, ""reliability"": 0.85, ""type"": ""categorical"", ""value"": ""0xf70da97812cb96acdf810712aa562db8dfa3dbef""}, {""anchor_value"": ""1.0198"", ""contribution"": 0.2081, ""feature"": ""fund_amount"", ""proximity"": 0.82, ""reliability"": 0.22, ""type"": ""numeric"", ""value"": ""0.9921 (ref: 1.0198)""}, {""anchor_value"": ""434d13e2"", ""contribution"": 0.08, ""feature"": ""method_selector"", ""proximity"": 1.0, ""reliability"": 0.08, ""type"": ""categorical"", ""value"": ""434d13e2""}, {""anchor_value"": ""pons"", ""contribution"": 0.08, ""feature"": ""launchpad"", ""proximity"": 1.0, ""reliability"": 0.08, ""type"": ""categorical"", ""value"": ""pons""}]"
89.62,HIGH_LEAD,team astro,4663,RBH,JOLLYBOT,0x05c1147A62e46cfe501Cc2Ecfe919B1CbdaaCC07,CLAWNCH,0x6a50F139F3eD4C9c7bDa0D067c5Ed09De1EEBbeA,4663,RBH,"[{""anchor_value"": ""0xf70da97812cb96acdf810712aa562db8dfa3dbef"", ""contribution"": 0.85, ""feature"": ""funder_1hop"", ""proximity"": 1.0, ""reliability"": 0.85, ""type"": ""categorical"", ""value"": ""0xf70da97812cb96acdf810712aa562db8dfa3dbef""}, {""anchor_value"": ""0.1728"", ""contribution"": 0.1825, ""feature"": ""gwei"", ""proximity"": 0.43, ""reliability"": 0.22, ""type"": ""numeric"", ""value"": ""0.1580 (ref: 0.1728)""}, {""anchor_value"": ""434d13e2"", ""contribution"": 0.08, ""feature"": ""method_selector"", ""proximity"": 1.0, ""reliability"": 0.08, ""type"": ""categorical"", ""value"": ""434d13e2""}, {""anchor_value"": ""pons"", ""contribution"": 0.08, ""feature"": ""launchpad"", ""proximity"": 1.0, ""reliability"": 0.08, ""type"": ""categorical"", ""value"": ""pons""}]"
89.24,HIGH_LEAD,team astro,4663,RBH,DECIST,0x2d86B97B4D96dc1B1CA72E67f54a5DBc0D5D7777,CEREBRO,0xEb24a2663af4Ee979dCbfE39cB95B5F12D369c4B,4663,RBH,"[{""anchor_value"": ""0x88d25c861938a91af4ad57ad964a8fcc6c6351d3"", ""contribution"": 0.85, ""feature"": ""funder_1hop"", ""proximity"": 1.0, ""reliability"": 0.85, ""type"": ""categorical"", ""value"": ""0x88d25c861938a91af4ad57ad964a8fcc6c6351d3""}, {""anchor_value"": ""1"", ""contribution"": 0.22, ""feature"": ""nonce"", ""proximity"": 1.0, ""reliability"": 0.22, ""type"": ""numeric"", ""value"": ""1""}, {""anchor_value"": ""pons"", ""contribution"": 0.08, ""feature"": ""launchpad"", ""proximity"": 1.0, ""reliability"": 0.08, ""type"": ""categorical"", ""value"": ""pons""}]"
89.24,HIGH_LEAD,team astro,4663,RBH,FROGE,0x1249A3544FbdB3A81763550d3191DC3724F1D3eC,UNITYPAD,0xF06e9aE646AD8577fecaeC761ad224865603679A,4663,RBH,"[{""anchor_value"": ""0x88d25c861938a91af4ad57ad964a8fcc6c6351d3"", ""contribution"": 0.85, ""feature"": ""funder_1hop"", ""proximity"": 1.0, ""reliability"": 0.85, ""type"": ""categorical"", ""value"": ""0x88d25c861938a91af4ad57ad964a8fcc6c6351d3""}, {""anchor_value"": ""3"", ""contribution"": 0.22, ""feature"": ""nonce"", ""proximity"": 1.0, ""reliability"": 0.22, ""type"": ""numeric"", ""value"": ""3""}, {""anchor_value"": ""pons"", ""contribution"": 0.08, ""feature"": ""launchpad"", ""proximity"": 1.0, ""reliability"": 0.08, ""type"": ""categorical"", ""value"": ""pons""}]"
89.24,HIGH_LEAD,unclustered,4663,RBH,MANCER,0xc72F232a6869e6CF34dC06129AfFD07F8a2a246A,OPEC,0x197de420B5a5Ce9420d25893835CA585d207FbC6,4663,RBH,"[{""anchor_value"": ""0xf70da97812cb96acdf810712aa562db8dfa3dbef"", ""contribution"": 0.85, ""feature"": ""funder_1hop"", ""proximity"": 1.0, ""reliability"": 0.85, ""type"": ""categorical"", ""value"": ""0xf70da97812cb96acdf810712aa562db8dfa3dbef""}, {""anchor_value"": ""0.0000"", ""contribution"": 0.22, ""feature"": ""priority_gwei"", ""proximity"": 1.0, ""reliability"": 0.22, ""type"": ""numeric"", ""value"": ""0.0000 (ref: 0.0000)""}, {""anchor_value"": ""pons"", ""contribution"": 0.08, ""feature"": ""launchpad"", ""proximity"": 1.0, ""reliability"": 0.08, ""type"": ""categorical"", ""value"": ""pons""}]"
89.24,HIGH_LEAD,team astro,4663,RBH,RAREINU,0x618B5a14bBDDc45278b33397f1C8fC98a9901E18,CEREBRO,0xEb24a2663af4Ee979dCbfE39cB95B5F12D369c4B,4663,RBH,"[{""anchor_value"": ""0x88d25c861938a91af4ad57ad964a8fcc6c6351d3"", ""contribution"": 0.85, ""feature"": ""funder_1hop"", ""proximity"": 1.0, ""reliability"": 0.85, ""type"": ""categorical"", ""value"": ""0x88d25c861938a91af4ad57ad964a8fcc6c6351d3""}, {""anchor_value"": ""1"", ""contribution"": 0.22, ""feature"": ""nonce"", ""proximity"": 1.0, ""reliability"": 0.22, ""type"": ""numeric"", ""value"": ""1""}, {""anchor_value"": ""pons"", ""contribution"": 0.08, ""feature"": ""launchpad"", ""proximity"": 1.0, ""reliability"": 0.08, ""type"": ""categorical"", ""value"": ""pons""}]"
88.98,HIGH_LEAD,team astro,4663,RBH,SCR,0x8A66D18bED359c6c16871Db9b9e863f012134589,UNITYPAD,0xF06e9aE646AD8577fecaeC761ad224865603679A,4663,RBH,"[{""anchor_value"": ""0x88d25c861938a91af4ad57ad964a8fcc6c6351d3"", ""contribution"": 0.85, ""feature"": ""funder_1hop"", ""proximity"": 1.0, ""reliability"": 0.85, ""type"": ""categorical"", ""value"": ""0x88d25c861938a91af4ad57ad964a8fcc6c6351d3""}, {""anchor_value"": ""3"", ""contribution"": 0.132, ""feature"": ""nonce"", ""proximity"": 0.6, ""reliability"": 0.22, ""type"": ""numeric"", ""value"": ""2""}, {""anchor_value"": ""434d13e2"", ""contribution"": 0.08, ""feature"": ""method_selector"", ""proximity"": 1.0, ""reliability"": 0.08, ""type"": ""categorical"", ""value"": ""434d13e2""}, {""anchor_value"": ""pons"", ""contribution"": 0.08, ""feature"": ""launchpad"", ""proximity"": 1.0, ""reliability"": 0.08, ""type"": ""categorical"", ""value"": ""pons""}]"
87.3,HIGH_LEAD,team astro,4663,RBH,BUBBLE,0xF708a91B30Ffae94B217d5c388A072BFCa88313C,SAFEMOON,0x4fFCE3A117e17076C072Fb95E447b2361f69763B,4663,RBH,"[{""anchor_value"": ""0xf70da97812cb96acdf810712aa562db8dfa3dbef"", ""contribution"": 0.85, ""feature"": ""funder_1hop"", ""proximity"": 1.0, ""reliability"": 0.85, ""type"": ""categorical"", ""value"": ""0xf70da97812cb96acdf810712aa562db8dfa3dbef""}, {""anchor_value"": ""434d13e2"", ""contribution"": 0.08, ""feature"": ""method_selector"", ""proximity"": 1.0, ""reliability"": 0.08, ""type"": ""categorical"", ""value"": ""434d13e2""}, {""anchor_value"": ""pons"", ""contribution"": 0.08, ""feature"": ""launchpad"", ""proximity"": 1.0, ""reliability"": 0.08, ""type"": ""categorical"", ""value"": ""pons""}]"
87.3,HIGH_LEAD,team astro,4663,RBH,CAST,0x7A80b90e1c0e7365e7A71551791b539dF68b2ecF,SAFEMOON,0x4fFCE3A117e17076C072Fb95E447b2361f69763B,4663,RBH,"[{""anchor_value"": ""0xf70da97812cb96acdf810712aa562db8dfa3dbef"", ""contribution"": 0.85, ""feature"": ""funder_1hop"", ""proximity"": 1.0, ""reliability"": 0.85, ""type"": ""categorical"", ""value"": ""0xf70da97812cb96acdf810712aa562db8dfa3dbef""}, {""anchor_value"": ""434d13e2"", ""contribution"": 0.08, ""feature"": ""method_selector"", ""proximity"": 1.0, ""reliability"": 0.08, ""type"": ""categorical"", ""value"": ""434d13e2""}, {""anchor_value"": ""pons"", ""contribution"": 0.08, ""feature"": ""launchpad"", ""proximity"": 1.0, ""reliability"": 0.08, ""type"": ""categorical"", ""value"": ""pons""}]"
87.3,HIGH_LEAD,team astro,4663,RBH,PLOP,0xf8af0d49b1c3F7448B1fA1CAb9aA240597e6a775,UNITYPAD,0xF06e9aE646AD8577fecaeC761ad224865603679A,4663,RBH,"[{""anchor_value"": ""0x88d25c861938a91af4ad57ad964a8fcc6c6351d3"", ""contribution"": 0.85, ""feature"": ""funder_1hop"", ""proximity"": 1.0, ""reliability"": 0.85, ""type"": ""categorical"", ""value"": ""0x88d25c861938a91af4ad57ad964a8fcc6c6351d3""}, {""anchor_value"": ""434d13e2"", ""contribution"": 0.08, ""feature"": ""method_selector"", ""proximity"": 1.0, ""reliability"": 0.08, ""type"": ""categorical"", ""value"": ""434d13e2""}, {""anchor_value"": ""pons"", ""contribution"": 0.08, ""feature"": ""launchpad"", ""proximity"": 1.0, ""reliability"": 0.08, ""type"": ""categorical"", ""value"": ""pons""}]"
87.3,HIGH_LEAD,team astro,4663,RBH,ROBINWOOD,0xC7A5eDBd6ABcbC40790A9036956B6C9d72BaACe8,UNITYPAD,0xF06e9aE646AD8577fecaeC761ad224865603679A,4663,RBH,"[{""anchor_value"": ""0x88d25c861938a91af4ad57ad964a8fcc6c6351d3"", ""contribution"": 0.85, ""feature"": ""funder_1hop"", ""proximity"": 1.0, ""reliability"": 0.85, ""type"": ""categorical"", ""value"": ""0x88d25c861938a91af4ad57ad964a8fcc6c6351d3""}, {""anchor_value"": ""434d13e2"", ""contribution"": 0.08, ""feature"": ""method_selector"", ""proximity"": 1.0, ""reliability"": 0.08, ""type"": ""categorical"", ""value"": ""434d13e2""}, {""anchor_value"": ""pons"", ""contribution"": 0.08, ""feature"": ""launchpad"", ""proximity"": 1.0, ""reliability"": 0.08, ""type"": ""categorical"", ""value"": ""pons""}]"
87.3,HIGH_LEAD,team astro,4663,RBH,RWRLD,0xd7A4DAa1fFaA6CD3cE1fe0461C1C753887808C41,UNITYPAD,0xF06e9aE646AD8577fecaeC761ad224865603679A,4663,RBH,"[{""anchor_value"": ""0x88d25c861938a91af4ad57ad964a8fcc6c6351d3"", ""contribution"": 0.85, ""feature"": ""funder_1hop"", ""proximity"": 1.0, ""reliability"": 0.85, ""type"": ""categorical"", ""value"": ""0x88d25c861938a91af4ad57ad964a8fcc6c6351d3""}, {""anchor_value"": ""434d13e2"", ""contribution"": 0.08, ""feature"": ""method_selector"", ""proximity"": 1.0, ""reliability"": 0.08, ""type"": ""categorical"", ""value"": ""434d13e2""}, {""anchor_value"": ""pons"", ""contribution"": 0.08, ""feature"": ""launchpad"", ""proximity"": 1.0, ""reliability"": 0.08, ""type"": ""categorical"", ""value"": ""pons""}]"
87.3,HIGH_LEAD,team astro,4663,RBH,SEVEN,0x5F7E7c363fafb9ad72FD2A258CaAD2e76bE101ca,UNITYPAD,0xF06e9aE646AD8577fecaeC761ad224865603679A,4663,RBH,"[{""anchor_value"": ""0x88d25c861938a91af4ad57ad964a8fcc6c6351d3"", ""contribution"": 0.85, ""feature"": ""funder_1hop"", ""proximity"": 1.0, ""reliability"": 0.85, ""type"": ""categorical"", ""value"": ""0x88d25c861938a91af4ad57ad964a8fcc6c6351d3""}, {""anchor_value"": ""434d13e2"", ""contribution"": 0.08, ""feature"": ""method_selector"", ""proximity"": 1.0, ""reliability"": 0.08, ""type"": ""categorical"", ""value"": ""434d13e2""}, {""anchor_value"": ""pons"", ""contribution"": 0.08, ""feature"": ""launchpad"", ""proximity"": 1.0, ""reliability"": 0.08, ""type"": ""categorical"", ""value"": ""pons""}]"
87.3,HIGH_LEAD,team astro,4663,RBH,ST0CK,0x15367609D494F0B29857B83216AE320e427e9b84,UNITYPAD,0xF06e9aE646AD8577fecaeC761ad224865603679A,4663,RBH,"[{""anchor_value"": ""0x88d25c861938a91af4ad57ad964a8fcc6c6351d3"", ""contribution"": 0.85, ""feature"": ""funder_1hop"", ""proximity"": 1.0, ""reliability"": 0.85, ""type"": ""categorical"", ""value"": ""0x88d25c861938a91af4ad57ad964a8fcc6c6351d3""}, {""anchor_value"": ""434d13e2"", ""contribution"": 0.08, ""feature"": ""method_selector"", ""proximity"": 1.0, ""reliability"": 0.08, ""type"": ""categorical"", ""value"": ""434d13e2""}, {""anchor_value"": ""pons"", ""contribution"": 0.08, ""feature"": ""launchpad"", ""proximity"": 1.0, ""reliability"": 0.08, ""type"": ""categorical"", ""value"": ""pons""}]"
86.2,HIGH_LEAD,team astro,4663,RBH,CLAUDIA,0xA6276bbaeaF71c73Ed01507b64659aDf487d1e18,UNITYPAD,0xF06e9aE646AD8577fecaeC761ad224865603679A,4663,RBH,"[{""anchor_value"": ""0x88d25c861938a91af4ad57ad964a8fcc6c6351d3"", ""contribution"": 0.85, ""feature"": ""funder_1hop"", ""proximity"": 1.0, ""reliability"": 0.85, ""type"": ""categorical"", ""value"": ""0x88d25c861938a91af4ad57ad964a8fcc6c6351d3""}, {""anchor_value"": ""pons"", ""contribution"": 0.08, ""feature"": ""launchpad"", ""proximity"": 1.0, ""reliability"": 0.08, ""type"": ""categorical"", ""value"": ""pons""}]"
86.2,HIGH_LEAD,team intel,4663,RBH,JOLLY,0x50D812299221BC2BDc72ae9F27C5129c1c6C1e18,INTEL,0xE331eEdb3Bc25830e61b0b4835eB110cFb6288C8,4663,RBH,"[{""anchor_value"": ""0xf70da97812cb96acdf810712aa562db8dfa3dbef"", ""contribution"": 0.85, ""feature"": ""funder_1hop"", ""proximity"": 1.0, ""reliability"": 0.85, ""type"": ""categorical"", ""value"": ""0xf70da97812cb96acdf810712aa562db8dfa3dbef""}, {""anchor_value"": ""pons"", ""contribution"": 0.08, ""feature"": ""launchpad"", ""proximity"": 1.0, ""reliability"": 0.08, ""type"": ""categorical"", ""value"": ""pons""}]"
64.84,PROBABLE_LEAD,team astro,4663,RBH,GPRO,0x82fe7e669c0CE263436cf74b8EC7335654Aa902d,HOODIECOIN,0x55AE1d4C532fa686C168a0549DAc36c25309F0Ea,4663,RBH,"[{""anchor_value"": ""0.1000"", ""contribution"": 0.22, ""feature"": ""priority_gwei"", ""proximity"": 1.0, ""reliability"": 0.22, ""type"": ""numeric"", ""value"": ""0.1000 (ref: 0.1000)""}, {""anchor_value"": ""0.7195"", ""contribution"": 0.2044, ""feature"": ""max_gwei"", ""proximity"": 0.76, ""reliability"": 0.22, ""type"": ""numeric"", ""value"": ""0.7459 (ref: 0.7195)""}, {""anchor_value"": ""0.4117"", ""contribution"": 0.1982, ""feature"": ""gwei"", ""proximity"": 0.67, ""reliability"": 0.22, ""type"": ""numeric"", ""value"": ""0.4332 (ref: 0.4117)""}, {""anchor_value"": ""1.9408"", ""contribution"": 0.1652, ""feature"": ""fund_amount"", ""proximity"": 0.17, ""reliability"": 0.22, ""type"": ""numeric"", ""value"": ""2.2170 (ref: 1.9408)""}, {""anchor_value"": ""434d13e2"", ""contribution"": 0.08, ""feature"": ""method_selector"", ""proximity"": 1.0, ""reliability"": 0.08, ""type"": ""categorical"", ""value"": ""434d13e2""}, {""anchor_value"": ""pons"", ""contribution"": 0.08, ""feature"": ""launchpad"", ""proximity"": 1.0, ""reliability"": 0.08, ""type"": ""categorical"", ""value"": ""pons""}]"
62.1,PROBABLE_LEAD,team astro,4663,RBH,MS,0xeDf1AC25ff0CF741A9eE1490C630E3a4eCfBd4FC,FORGE,0xA9384EB62343BB623DEAA6cBDAa0A7fd0E6c5F15,4663,RBH,"[{""anchor_value"": ""0.0005"", ""contribution"": 0.22, ""feature"": ""value_eth"", ""proximity"": 1.0, ""reliability"": 0.22, ""type"": ""numeric"", ""value"": ""0.0005 (ref: 0.0005)""}, {""anchor_value"": ""0.3682"", ""contribution"": 0.2073, ""feature"": ""max_gwei"", ""proximity"": 0.81, ""reliability"": 0.22, ""type"": ""numeric"", ""value"": ""0.3576 (ref: 0.3682)""}, {""anchor_value"": ""0.2242"", ""contribution"": 0.1657, ""feature"": ""gwei"", ""proximity"": 0.18, ""reliability"": 0.22, ""type"": ""numeric"", ""value"": ""0.2558 (ref: 0.2242)""}, {""anchor_value"": ""5"", ""contribution"": 0.132, ""feature"": ""nonce"", ""proximity"": 0.6, ""reliability"": 0.22, ""type"": ""numeric"", ""value"": ""6""}, {""anchor_value"": ""434d13e2"", ""contribution"": 0.08, ""feature"": ""method_selector"", ""proximity"": 1.0, ""reliability"": 0.08, ""type"": ""categorical"", ""value"": ""434d13e2""}, {""anchor_value"": ""pons"", ""contribution"": 0.08, ""feature"": ""launchpad"", ""proximity"": 1.0, ""reliability"": 0.08, ""type"": ""categorical"", ""value"": ""pons""}]"
58.88,PROBABLE_LEAD,team astro,4663,RBH,ANONZEAL,0x5Bb6Bf53fc416908896780E1E5627d07DaFe6298,CLAWNCH,0x6a50F139F3eD4C9c7bDa0D067c5Ed09De1EEBbeA,4663,RBH,"[{""anchor_value"": ""0.0005"", ""contribution"": 0.22, ""feature"": ""value_eth"", ""proximity"": 1.0, ""reliability"": 0.22, ""type"": ""numeric"", ""value"": ""0.0005 (ref: 0.0005)""}, {""anchor_value"": ""2"", ""contribution"": 0.22, ""feature"": ""nonce"", ""proximity"": 1.0, ""reliability"": 0.22, ""type"": ""numeric"", ""value"": ""2""}, {""anchor_value"": ""0.1728"", ""contribution"": 0.2015, ""feature"": ""gwei"", ""proximity"": 0.72, ""reliability"": 0.22, ""type"": ""numeric"", ""value"": ""0.1655 (ref: 0.1728)""}, {""anchor_value"": ""434d13e2"", ""contribution"": 0.08, ""feature"": ""method_selector"", ""proximity"": 1.0, ""reliability"": 0.08, ""type"": ""categorical"", ""value"": ""434d13e2""}, {""anchor_value"": ""pons"", ""contribution"": 0.08, ""feature"": ""launchpad"", ""proximity"": 1.0, ""reliability"": 0.08, ""type"": ""categorical"", ""value"": ""pons""}]"
53.79,PROBABLE_LEAD,team gigalon,4663,RBH,Burpee,0x139438AA93Af5b760249938E08a5d4564513F3a4,Grok,0xD9E82b01fbD8EB7A59D456fEf3B56D39d90caa47,4663,RBH,"[{""anchor_value"": ""a3fcce81ca12de34d2968c48ffd3fb71e83788e59c5ff049fe2a13944f597596"", ""contribution"": 0.3, ""feature"": ""template_hash"", ""proximity"": 1.0, ""reliability"": 0.3, ""type"": ""categorical"", ""value"": ""a3fcce81ca12de34d2968c48ffd3fb71e83788e59c5ff049fe2a13944f597596""}, {""anchor_value"": ""1"", ""contribution"": 0.22, ""feature"": ""nonce"", ""proximity"": 1.0, ""reliability"": 0.22, ""type"": ""numeric"", ""value"": ""1""}, {""anchor_value"": ""ca20cf82"", ""contribution"": 0.08, ""feature"": ""method_selector"", ""proximity"": 1.0, ""reliability"": 0.08, ""type"": ""categorical"", ""value"": ""ca20cf82""}, {""anchor_value"": ""pons"", ""contribution"": 0.08, ""feature"": ""launchpad"", ""proximity"": 1.0, ""reliability"": 0.08, ""type"": ""categorical"", ""value"": ""pons""}]"
53.79,PROBABLE_LEAD,team gigalon,4663,RBH,DREGG,0x8d496E365bEcE09ce707615b165afFde508cafBB,Grok,0xD9E82b01fbD8EB7A59D456fEf3B56D39d90caa47,4663,RBH,"[{""anchor_value"": ""a3fcce81ca12de34d2968c48ffd3fb71e83788e59c5ff049fe2a13944f597596"", ""contribution"": 0.3, ""feature"": ""template_hash"", ""proximity"": 1.0, ""reliability"": 0.3, ""type"": ""categorical"", ""value"": ""a3fcce81ca12de34d2968c48ffd3fb71e83788e59c5ff049fe2a13944f597596""}, {""anchor_value"": ""1"", ""contribution"": 0.22, ""feature"": ""nonce"", ""proximity"": 1.0, ""reliability"": 0.22, ""type"": ""numeric"", ""value"": ""1""}, {""anchor_value"": ""ca20cf82"", ""contribution"": 0.08, ""feature"": ""method_selector"", ""proximity"": 1.0, ""reliability"": 0.08, ""type"": ""categorical"", ""value"": ""ca20cf82""}, {""anchor_value"": ""pons"", ""contribution"": 0.08, ""feature"": ""launchpad"", ""proximity"": 1.0, ""reliability"": 0.08, ""type"": ""categorical"", ""value"": ""pons""}]"
53.79,PROBABLE_LEAD,team gigalon,4663,RBH,FTX 2.0,0x51e919cf4a094d4cEdd517Cb192927C992Ddb2AF,Grok,0xD9E82b01fbD8EB7A59D456fEf3B56D39d90caa47,4663,RBH,"[{""anchor_value"": ""a3fcce81ca12de34d2968c48ffd3fb71e83788e59c5ff049fe2a13944f597596"", ""contribution"": 0.3, ""feature"": ""template_hash"", ""proximity"": 1.0, ""reliability"": 0.3, ""type"": ""categorical"", ""value"": ""a3fcce81ca12de34d2968c48ffd3fb71e83788e59c5ff049fe2a13944f597596""}, {""anchor_value"": ""1"", ""contribution"": 0.22, ""feature"": ""nonce"", ""proximity"": 1.0, ""reliability"": 0.22, ""type"": ""numeric"", ""value"": ""1""}, {""anchor_value"": ""ca20cf82"", ""contribution"": 0.08, ""feature"": ""method_selector"", ""proximity"": 1.0, ""reliability"": 0.08, ""type"": ""categorical"", ""value"": ""ca20cf82""}, {""anchor_value"": ""pons"", ""contribution"": 0.08, ""feature"": ""launchpad"", ""proximity"": 1.0, ""reliability"": 0.08, ""type"": ""categorical"", ""value"": ""pons""}]"
53.79,PROBABLE_LEAD,team gigalon,4663,RBH,KABO,0x6FaE4d6EF58E9a959Aef936cdCd93Ea19Abe6b12,Grok,0xD9E82b01fbD8EB7A59D456fEf3B56D39d90caa47,4663,RBH,"[{""anchor_value"": ""a3fcce81ca12de34d2968c48ffd3fb71e83788e59c5ff049fe2a13944f597596"", ""contribution"": 0.3, ""feature"": ""template_hash"", ""proximity"": 1.0, ""reliability"": 0.3, ""type"": ""categorical"", ""value"": ""a3fcce81ca12de34d2968c48ffd3fb71e83788e59c5ff049fe2a13944f597596""}, {""anchor_value"": ""1"", ""contribution"": 0.22, ""feature"": ""nonce"", ""proximity"": 1.0, ""reliability"": 0.22, ""type"": ""numeric"", ""value"": ""1""}, {""anchor_value"": ""ca20cf82"", ""contribution"": 0.08, ""feature"": ""method_selector"", ""proximity"": 1.0, ""reliability"": 0.08, ""type"": ""categorical"", ""value"": ""ca20cf82""}, {""anchor_value"": ""pons"", ""contribution"": 0.08, ""feature"": ""launchpad"", ""proximity"": 1.0, ""reliability"": 0.08, ""type"": ""categorical"", ""value"": ""pons""}]"
53.79,PROBABLE_LEAD,team gigalon,4663,RBH,POKÉ,0x82E427f9def1Ffc52c61A6d9B39ecC3Bf4eA817A,Grok,0xD9E82b01fbD8EB7A59D456fEf3B56D39d90caa47,4663,RBH,"[{""anchor_value"": ""a3fcce81ca12de34d2968c48ffd3fb71e83788e59c5ff049fe2a13944f597596"", ""contribution"": 0.3, ""feature"": ""template_hash"", ""proximity"": 1.0, ""reliability"": 0.3, ""type"": ""categorical"", ""value"": ""a3fcce81ca12de34d2968c48ffd3fb71e83788e59c5ff049fe2a13944f597596""}, {""anchor_value"": ""1"", ""contribution"": 0.22, ""feature"": ""nonce"", ""proximity"": 1.0, ""reliability"": 0.22, ""type"": ""numeric"", ""value"": ""1""}, {""anchor_value"": ""ca20cf82"", ""contribution"": 0.08, ""feature"": ""method_selector"", ""proximity"": 1.0, ""reliability"": 0.08, ""type"": ""categorical"", ""value"": ""ca20cf82""}, {""anchor_value"": ""pons"", ""contribution"": 0.08, ""feature"": ""launchpad"", ""proximity"": 1.0, ""reliability"": 0.08, ""type"": ""categorical"", ""value"": ""pons""}]"
53.79,PROBABLE_LEAD,team gigalon,4663,RBH,ROBOJENSEN,0x3A86234861299044Edc688589aEdC85FF09743D2,Grok,0xD9E82b01fbD8EB7A59D456fEf3B56D39d90caa47,4663,RBH,"[{""anchor_value"": ""a3fcce81ca12de34d2968c48ffd3fb71e83788e59c5ff049fe2a13944f597596"", ""contribution"": 0.3, ""feature"": ""template_hash"", ""proximity"": 1.0, ""reliability"": 0.3, ""type"": ""categorical"", ""value"": ""a3fcce81ca12de34d2968c48ffd3fb71e83788e59c5ff049fe2a13944f597596""}, {""anchor_value"": ""1"", ""contribution"": 0.22, ""feature"": ""nonce"", ""proximity"": 1.0, ""reliability"": 0.22, ""type"": ""numeric"", ""value"": ""1""}, {""anchor_value"": ""ca20cf82"", ""contribution"": 0.08, ""feature"": ""method_selector"", ""proximity"": 1.0, ""reliability"": 0.08, ""type"": ""categorical"", ""value"": ""ca20cf82""}, {""anchor_value"": ""pons"", ""contribution"": 0.08, ""feature"": ""launchpad"", ""proximity"": 1.0, ""reliability"": 0.08, ""type"": ""categorical"", ""value"": ""pons""}]"
53.75,PROBABLE_LEAD,team gigalon,4663,RBH,TICKET,0x1bfD7056f5304fECf366D11726790F4fF3ef8AB0,NASDUCK,0x41838DC5166A987F8b5E1F4B8dB22BBbd88e9AdC,4663,RBH,"[{""anchor_value"": ""a3fcce81ca12de34d2968c48ffd3fb71e83788e59c5ff049fe2a13944f597596"", ""contribution"": 0.3, ""feature"": ""template_hash"", ""proximity"": 1.0, ""reliability"": 0.3, ""type"": ""categorical"", ""value"": ""a3fcce81ca12de34d2968c48ffd3fb71e83788e59c5ff049fe2a13944f597596""}, {""anchor_value"": ""1.1001"", ""contribution"": 0.2194, ""feature"": ""fund_amount"", ""proximity"": 0.99, ""reliability"": 0.22, ""type"": ""numeric"", ""value"": ""1.1017 (ref: 1.1001)""}, {""anchor_value"": ""ca20cf82"", ""contribution"": 0.08, ""feature"": ""method_selector"", ""proximity"": 1.0, ""reliability"": 0.08, ""type"": ""categorical"", ""value"": ""ca20cf82""}, {""anchor_value"": ""pons"", ""contribution"": 0.08, ""feature"": ""launchpad"", ""proximity"": 1.0, ""reliability"": 0.08, ""type"": ""categorical"", ""value"": ""pons""}]"
52.86,PROBABLE_LEAD,team gigalon,4663,RBH,Derek,0x02B79dA39EF96d0f35A25A018f98AF57810e9A60,DEGENFLY,0xa9b7966D16e4CA1D0A98e29fEb17cf9F6afFE8b7,4663,RBH,"[{""anchor_value"": ""a3fcce81ca12de34d2968c48ffd3fb71e83788e59c5ff049fe2a13944f597596"", ""contribution"": 0.3, ""feature"": ""template_hash"", ""proximity"": 1.0, ""reliability"": 0.3, ""type"": ""categorical"", ""value"": ""a3fcce81ca12de34d2968c48ffd3fb71e83788e59c5ff049fe2a13944f597596""}, {""anchor_value"": ""1.9549"", ""contribution"": 0.2043, ""feature"": ""fund_amount"", ""proximity"": 0.76, ""reliability"": 0.22, ""type"": ""numeric"", ""value"": ""2.0273 (ref: 1.9549)""}, {""anchor_value"": ""ca20cf82"", ""contribution"": 0.08, ""feature"": ""method_selector"", ""proximity"": 1.0, ""reliability"": 0.08, ""type"": ""categorical"", ""value"": ""ca20cf82""}, {""anchor_value"": ""pons"", ""contribution"": 0.08, ""feature"": ""launchpad"", ""proximity"": 1.0, ""reliability"": 0.08, ""type"": ""categorical"", ""value"": ""pons""}]"
52.0,PROBABLE_LEAD,team gigalon,4663,RBH,rip,0x53EC98793ac24fbd30b07b405eC0De44F660Fa1a,Laptop,0x0b265Da4Dc6d6C1d924058CF9900DB8d0d0c9135,4663,RBH,"[{""anchor_value"": ""a3fcce81ca12de34d2968c48ffd3fb71e83788e59c5ff049fe2a13944f597596"", ""contribution"": 0.3, ""feature"": ""template_hash"", ""proximity"": 1.0, ""reliability"": 0.3, ""type"": ""categorical"", ""value"": ""a3fcce81ca12de34d2968c48ffd3fb71e83788e59c5ff049fe2a13944f597596""}, {""anchor_value"": ""1.1858"", ""contribution"": 0.1899, ""feature"": ""fund_amount"", ""proximity"": 0.54, ""reliability"": 0.22, ""type"": ""numeric"", ""value"": ""1.2730 (ref: 1.1858)""}, {""anchor_value"": ""ca20cf82"", ""contribution"": 0.08, ""feature"": ""method_selector"", ""proximity"": 1.0, ""reliability"": 0.08, ""type"": ""categorical"", ""value"": ""ca20cf82""}, {""anchor_value"": ""pons"", ""contribution"": 0.08, ""feature"": ""launchpad"", ""proximity"": 1.0, ""reliability"": 0.08, ""type"": ""categorical"", ""value"": ""pons""}]"
48.51,PROBABLE_LEAD,team astro,4663,RBH,FTUSD,0x50e53d398C2DD9653621dEd3dFD9C05201E2eF84,CLAWNCH,0x6a50F139F3eD4C9c7bDa0D067c5Ed09De1EEBbeA,4663,RBH,"[{""anchor_value"": ""0.0005"", ""contribution"": 0.22, ""feature"": ""value_eth"", ""proximity"": 1.0, ""reliability"": 0.22, ""type"": ""numeric"", ""value"": ""0.0005 (ref: 0.0005)""}, {""anchor_value"": ""2"", ""contribution"": 0.22, ""feature"": ""nonce"", ""proximity"": 1.0, ""reliability"": 0.22, ""type"": ""numeric"", ""value"": ""2""}, {""anchor_value"": ""434d13e2"", ""contribution"": 0.08, ""feature"": ""method_selector"", ""proximity"": 1.0, ""reliability"": 0.08, ""type"": ""categorical"", ""value"": ""434d13e2""}, {""anchor_value"": ""pons"", ""contribution"": 0.08, ""feature"": ""launchpad"", ""proximity"": 1.0, ""reliability"": 0.08, ""type"": ""categorical"", ""value"": ""pons""}]"
48.51,PROBABLE_LEAD,team astro,4663,RBH,ORBIO,0xAa07A0e9209e16aC99708C3EC70159c6eF3128A3,CLAWNCH,0x6a50F139F3eD4C9c7bDa0D067c5Ed09De1EEBbeA,4663,RBH,"[{""anchor_value"": ""0.0005"", ""contribution"": 0.22, ""feature"": ""value_eth"", ""proximity"": 1.0, ""reliability"": 0.22, ""type"": ""numeric"", ""value"": ""0.0005 (ref: 0.0005)""}, {""anchor_value"": ""2"", ""contribution"": 0.22, ""feature"": ""nonce"", ""proximity"": 1.0, ""reliability"": 0.22, ""type"": ""numeric"", ""value"": ""2""}, {""anchor_value"": ""434d13e2"", ""contribution"": 0.08, ""feature"": ""method_selector"", ""proximity"": 1.0, ""reliability"": 0.08, ""type"": ""categorical"", ""value"": ""434d13e2""}, {""anchor_value"": ""pons"", ""contribution"": 0.08, ""feature"": ""launchpad"", ""proximity"": 1.0, ""reliability"": 0.08, ""type"": ""categorical"", ""value"": ""pons""}]"
48.51,PROBABLE_LEAD,team astro,4663,RBH,REDDITPAD,0xf0Fd79b056E5eE52fD178Eb086fe232545BfB0E5,CLAWNCH,0x6a50F139F3eD4C9c7bDa0D067c5Ed09De1EEBbeA,4663,RBH,"[{""anchor_value"": ""0.0005"", ""contribution"": 0.22, ""feature"": ""value_eth"", ""proximity"": 1.0, ""reliability"": 0.22, ""type"": ""numeric"", ""value"": ""0.0005 (ref: 0.0005)""}, {""anchor_value"": ""2"", ""contribution"": 0.22, ""feature"": ""nonce"", ""proximity"": 1.0, ""reliability"": 0.22, ""type"": ""numeric"", ""value"": ""2""}, {""anchor_value"": ""434d13e2"", ""contribution"": 0.08, ""feature"": ""method_selector"", ""proximity"": 1.0, ""reliability"": 0.08, ""type"": ""categorical"", ""value"": ""434d13e2""}, {""anchor_value"": ""pons"", ""contribution"": 0.08, ""feature"": ""launchpad"", ""proximity"": 1.0, ""reliability"": 0.08, ""type"": ""categorical"", ""value"": ""pons""}]"
48.51,PROBABLE_LEAD,team astro,4663,RBH,SATS,0xD469F594c7F9c9dE1E03Baf2d3A976f22f4166e3,FORGE,0xA9384EB62343BB623DEAA6cBDAa0A7fd0E6c5F15,4663,RBH,"[{""anchor_value"": ""0.0005"", ""contribution"": 0.22, ""feature"": ""value_eth"", ""proximity"": 1.0, ""reliability"": 0.22, ""type"": ""numeric"", ""value"": ""0.0005 (ref: 0.0005)""}, {""anchor_value"": ""5"", ""contribution"": 0.22, ""feature"": ""nonce"", ""proximity"": 1.0, ""reliability"": 0.22, ""type"": ""numeric"", ""value"": ""5""}, {""anchor_value"": ""434d13e2"", ""contribution"": 0.08, ""feature"": ""method_selector"", ""proximity"": 1.0, ""reliability"": 0.08, ""type"": ""categorical"", ""value"": ""434d13e2""}, {""anchor_value"": ""pons"", ""contribution"": 0.08, ""feature"": ""launchpad"", ""proximity"": 1.0, ""reliability"": 0.08, ""type"": ""categorical"", ""value"": ""pons""}]"
47.53,PROBABLE_LEAD,team astro,4663,RBH,CROSSRATE,0x4Ed2692F5e108724A919De5FCbf267f231D5e333,UNITYPAD,0xF06e9aE646AD8577fecaeC761ad224865603679A,4663,RBH,"[{""anchor_value"": ""0.0837"", ""contribution"": 0.2159, ""feature"": ""gwei"", ""proximity"": 0.94, ""reliability"": 0.22, ""type"": ""numeric"", ""value"": ""0.0830 (ref: 0.0837)""}, {""anchor_value"": ""0.2510"", ""contribution"": 0.2094, ""feature"": ""max_gwei"", ""proximity"": 0.84, ""reliability"": 0.22, ""type"": ""numeric"", ""value"": ""0.2449 (ref: 0.2510)""}, {""anchor_value"": ""434d13e2"", ""contribution"": 0.08, ""feature"": ""method_selector"", ""proximity"": 1.0, ""reliability"": 0.08, ""type"": ""categorical"", ""value"": ""434d13e2""}, {""anchor_value"": ""pons"", ""contribution"": 0.08, ""feature"": ""launchpad"", ""proximity"": 1.0, ""reliability"": 0.08, ""type"": ""categorical"", ""value"": ""pons""}]"
47.34,PROBABLE_LEAD,team astro,4663,RBH,DOGE,0x3A6215b2c790169c2928e8f823Ea8dDba1155a56,UNITYPAD,0xF06e9aE646AD8577fecaeC761ad224865603679A,4663,RBH,"[{""anchor_value"": ""0.0837"", ""contribution"": 0.2132, ""feature"": ""gwei"", ""proximity"": 0.9, ""reliability"": 0.22, ""type"": ""numeric"", ""value"": ""0.0850 (ref: 0.0837)""}, {""anchor_value"": ""0.2510"", ""contribution"": 0.2093, ""feature"": ""max_gwei"", ""proximity"": 0.84, ""reliability"": 0.22, ""type"": ""numeric"", ""value"": ""0.2572 (ref: 0.2510)""}, {""anchor_value"": ""434d13e2"", ""contribution"": 0.08, ""feature"": ""method_selector"", ""proximity"": 1.0, ""reliability"": 0.08, ""type"": ""categorical"", ""value"": ""434d13e2""}, {""anchor_value"": ""pons"", ""contribution"": 0.08, ""feature"": ""launchpad"", ""proximity"": 1.0, ""reliability"": 0.08, ""type"": ""categorical"", ""value"": ""pons""}]"
46.86,PROBABLE_LEAD,team astro,4663,RBH,+,0xF014a3782E6979bd965376f6638D90914820eBFF,FORGE,0xA9384EB62343BB623DEAA6cBDAa0A7fd0E6c5F15,4663,RBH,"[{""anchor_value"": ""0.2242"", ""contribution"": 0.2141, ""feature"": ""gwei"", ""proximity"": 0.91, ""reliability"": 0.22, ""type"": ""numeric"", ""value"": ""0.2273 (ref: 0.2242)""}, {""anchor_value"": ""0.3682"", ""contribution"": 0.2011, ""feature"": ""max_gwei"", ""proximity"": 0.71, ""reliability"": 0.22, ""type"": ""numeric"", ""value"": ""0.3524 (ref: 0.3682)""}, {""anchor_value"": ""434d13e2"", ""contribution"": 0.08, ""feature"": ""method_selector"", ""proximity"": 1.0, ""reliability"": 0.08, ""type"": ""categorical"", ""value"": ""434d13e2""}, {""anchor_value"": ""pons"", ""contribution"": 0.08, ""feature"": ""launchpad"", ""proximity"": 1.0, ""reliability"": 0.08, ""type"": ""categorical"", ""value"": ""pons""}]"
46.04,PROBABLE_LEAD,team astro,4663,RBH,COPPERINU,0x5317C0d077D2eEB639448939b930D49c4984B63B,Q,0xA9414326203dd6CB2b3D7d7d78350a8a1F7438d8,4663,RBH,"[{""anchor_value"": ""1.2005"", ""contribution"": 0.22, ""feature"": ""value_eth"", ""proximity"": 1.0, ""reliability"": 0.22, ""type"": ""numeric"", ""value"": ""1.2005 (ref: 1.2005)""}, {""anchor_value"": ""1.3521"", ""contribution"": 0.1827, ""feature"": ""fund_amount"", ""proximity"": 0.43, ""reliability"": 0.22, ""type"": ""numeric"", ""value"": ""1.4774 (ref: 1.3521)""}, {""anchor_value"": ""434d13e2"", ""contribution"": 0.08, ""feature"": ""method_selector"", ""proximity"": 1.0, ""reliability"": 0.08, ""type"": ""categorical"", ""value"": ""434d13e2""}, {""anchor_value"": ""pons"", ""contribution"": 0.08, ""feature"": ""launchpad"", ""proximity"": 1.0, ""reliability"": 0.08, ""type"": ""categorical"", ""value"": ""pons""}]"
46.01,PROBABLE_LEAD,unclustered,4663,RBH,musebook,0x786d42BC32fCea61e75c87128eD4aC144133bba3,GME,0xc2362AfF2A2a4CC1f48cF3Dab2C4e2605eb94BA3,4663,RBH,"[{""anchor_value"": ""f10f86b05965a827a332e6c73086f18026fbe3917f4bffbec3f938b3b5397b56"", ""contribution"": 0.3, ""feature"": ""template_hash"", ""proximity"": 1.0, ""reliability"": 0.3, ""type"": ""categorical"", ""value"": ""f10f86b05965a827a332e6c73086f18026fbe3917f4bffbec3f938b3b5397b56""}, {""anchor_value"": ""0.1206"", ""contribution"": 0.1617, ""feature"": ""max_gwei"", ""proximity"": 0.12, ""reliability"": 0.22, ""type"": ""numeric"", ""value"": ""0.1390 (ref: 0.1206)""}, {""anchor_value"": ""pons"", ""contribution"": 0.08, ""feature"": ""launchpad"", ""proximity"": 1.0, ""reliability"": 0.08, ""type"": ""categorical"", ""value"": ""pons""}]"
45.85,PROBABLE_LEAD,team astro,4663,RBH,PONSHARE,0x2037E55Cff7e635bD982689ff408F5aAd97BBb9B,UNITYPAD,0xF06e9aE646AD8577fecaeC761ad224865603679A,4663,RBH,"[{""anchor_value"": ""0.2510"", ""contribution"": 0.2099, ""feature"": ""max_gwei"", ""proximity"": 0.85, ""reliability"": 0.22, ""type"": ""numeric"", ""value"": ""0.2452 (ref: 0.2510)""}, {""anchor_value"": ""0.0837"", ""contribution"": 0.1903, ""feature"": ""gwei"", ""proximity"": 0.55, ""reliability"": 0.22, ""type"": ""numeric"", ""value"": ""0.0781 (ref: 0.0837)""}, {""anchor_value"": ""434d13e2"", ""contribution"": 0.08, ""feature"": ""method_selector"", ""proximity"": 1.0, ""reliability"": 0.08, ""type"": ""categorical"", ""value"": ""434d13e2""}, {""anchor_value"": ""pons"", ""contribution"": 0.08, ""feature"": ""launchpad"", ""proximity"": 1.0, ""reliability"": 0.08, ""type"": ""categorical"", ""value"": ""pons""}]"
45.75,PROBABLE_LEAD,unclustered,4663,RBH,musebook,0x91A2DAe9699f0B82540B5886b0d8759C22820bA3,GME,0xc2362AfF2A2a4CC1f48cF3Dab2C4e2605eb94BA3,4663,RBH,"[{""anchor_value"": ""f10f86b05965a827a332e6c73086f18026fbe3917f4bffbec3f938b3b5397b56"", ""contribution"": 0.3, ""feature"": ""template_hash"", ""proximity"": 1.0, ""reliability"": 0.3, ""type"": ""categorical"", ""value"": ""f10f86b05965a827a332e6c73086f18026fbe3917f4bffbec3f938b3b5397b56""}, {""anchor_value"": ""0.1206"", ""contribution"": 0.1576, ""feature"": ""max_gwei"", ""proximity"": 0.06, ""reliability"": 0.22, ""type"": ""numeric"", ""value"": ""0.1405 (ref: 0.1206)""}, {""anchor_value"": ""pons"", ""contribution"": 0.08, ""feature"": ""launchpad"", ""proximity"": 1.0, ""reliability"": 0.08, ""type"": ""categorical"", ""value"": ""pons""}]"
45.31,PROBABLE_LEAD,team astro,4663,RBH,XPAY,0x543927b1709124E1bE43Cd49453Fb34C77da2313,HP,0x0c54421BD4138A0Cd8D6a0534e22Ff0aAe8CDCCb,4663,RBH,"[{""anchor_value"": ""0.0000"", ""contribution"": 0.22, ""feature"": ""priority_gwei"", ""proximity"": 1.0, ""reliability"": 0.22, ""type"": ""numeric"", ""value"": ""0.0000 (ref: 0.0000)""}, {""anchor_value"": ""0.0455"", ""contribution"": 0.1716, ""feature"": ""value_eth"", ""proximity"": 0.27, ""reliability"": 0.22, ""type"": ""numeric"", ""value"": ""0.0405 (ref: 0.0455)""}, {""anchor_value"": ""434d13e2"", ""contribution"": 0.08, ""feature"": ""method_selector"", ""proximity"": 1.0, ""reliability"": 0.08, ""type"": ""categorical"", ""value"": ""434d13e2""}, {""anchor_value"": ""pons"", ""contribution"": 0.08, ""feature"": ""launchpad"", ""proximity"": 1.0, ""reliability"": 0.08, ""type"": ""categorical"", ""value"": ""pons""}]"
44.87,WATCH,team astro,4663,RBH,DTF,0xeE5576Fa1Bcaa380e591D01245f406f3f384eb01,BOOTS,0x63608fa42f0E1fd4427EcF548fFF59b4d71b71B0,4663,RBH,"[{""anchor_value"": ""2"", ""contribution"": 0.22, ""feature"": ""nonce"", ""proximity"": 1.0, ""reliability"": 0.22, ""type"": ""numeric"", ""value"": ""2""}, {""anchor_value"": ""1.2000"", ""contribution"": 0.165, ""feature"": ""fund_amount"", ""proximity"": 0.17, ""reliability"": 0.22, ""type"": ""numeric"", ""value"": ""1.0500 (ref: 1.2000)""}, {""anchor_value"": ""434d13e2"", ""contribution"": 0.08, ""feature"": ""method_selector"", ""proximity"": 1.0, ""reliability"": 0.08, ""type"": ""categorical"", ""value"": ""434d13e2""}, {""anchor_value"": ""pons"", ""contribution"": 0.08, ""feature"": ""launchpad"", ""proximity"": 1.0, ""reliability"": 0.08, ""type"": ""categorical"", ""value"": ""pons""}]"
44.85,WATCH,team astro,4663,RBH,QUOSTR,0xb51343Ce13E7D44677FC44faF917fCf9C218D924,INLEX,0xCF32b9c1104C14e05a5B17a78618cbD70Bf42091,4663,RBH,"[{""anchor_value"": ""0.1303"", ""contribution"": 0.2108, ""feature"": ""gwei"", ""proximity"": 0.86, ""reliability"": 0.22, ""type"": ""numeric"", ""value"": ""0.1331 (ref: 0.1303)""}, {""anchor_value"": ""0.1485"", ""contribution"": 0.1744, ""feature"": ""max_gwei"", ""proximity"": 0.31, ""reliability"": 0.22, ""type"": ""numeric"", ""value"": ""0.1331 (ref: 0.1485)""}, {""anchor_value"": ""434d13e2"", ""contribution"": 0.08, ""feature"": ""method_selector"", ""proximity"": 1.0, ""reliability"": 0.08, ""type"": ""categorical"", ""value"": ""434d13e2""}, {""anchor_value"": ""pons"", ""contribution"": 0.08, ""feature"": ""launchpad"", ""proximity"": 1.0, ""reliability"": 0.08, ""type"": ""categorical"", ""value"": ""pons""}]"
44.33,WATCH,team astro,4663,RBH,TRIA,0x99206CE13b6f96c5BB26acB91AA58c47E277C14e,CLAWNCH,0x6a50F139F3eD4C9c7bDa0D067c5Ed09De1EEBbeA,4663,RBH,"[{""anchor_value"": ""0.3692"", ""contribution"": 0.1704, ""feature"": ""max_gwei"", ""proximity"": 0.25, ""reliability"": 0.22, ""type"": ""numeric"", ""value"": ""0.4161 (ref: 0.3692)""}, {""anchor_value"": ""0.1728"", ""contribution"": 0.1596, ""feature"": ""gwei"", ""proximity"": 0.08, ""reliability"": 0.22, ""type"": ""numeric"", ""value"": ""0.1490 (ref: 0.1728)""}, {""anchor_value"": ""2"", ""contribution"": 0.132, ""feature"": ""nonce"", ""proximity"": 0.6, ""reliability"": 0.22, ""type"": ""numeric"", ""value"": ""1""}, {""anchor_value"": ""pons"", ""contribution"": 0.08, ""feature"": ""launchpad"", ""proximity"": 1.0, ""reliability"": 0.08, ""type"": ""categorical"", ""value"": ""pons""}]"
44.23,WATCH,team astro,4663,RBH,HOP,0x5078B8a31EA44E9445f71B0CE6d68aF63A6d78ef,ROYALE,0xd7Bd847e838aBe9544B6414FA6EFCB0748a58532,4663,RBH,"[{""anchor_value"": ""0.1982"", ""contribution"": 0.2111, ""feature"": ""max_gwei"", ""proximity"": 0.87, ""reliability"": 0.22, ""type"": ""numeric"", ""value"": ""0.2022 (ref: 0.1982)""}, {""anchor_value"": ""0.0092"", ""contribution"": 0.1647, ""feature"": ""value_eth"", ""proximity"": 0.16, ""reliability"": 0.22, ""type"": ""numeric"", ""value"": ""0.0105 (ref: 0.0092)""}, {""anchor_value"": ""434d13e2"", ""contribution"": 0.08, ""feature"": ""method_selector"", ""proximity"": 1.0, ""reliability"": 0.08, ""type"": ""categorical"", ""value"": ""434d13e2""}, {""anchor_value"": ""pons"", ""contribution"": 0.08, ""feature"": ""launchpad"", ""proximity"": 1.0, ""reliability"": 0.08, ""type"": ""categorical"", ""value"": ""pons""}]"
43.73,WATCH,team astro,4663,RBH,microduck,0xD5f1afEA47b1A9eab414D2ee740cF1d6d039E725,INLEX,0xCF32b9c1104C14e05a5B17a78618cbD70Bf42091,4663,RBH,"[{""anchor_value"": ""0.1303"", ""contribution"": 0.2044, ""feature"": ""gwei"", ""proximity"": 0.76, ""reliability"": 0.22, ""type"": ""numeric"", ""value"": ""0.1351 (ref: 0.1303)""}, {""anchor_value"": ""0.1485"", ""contribution"": 0.1644, ""feature"": ""max_gwei"", ""proximity"": 0.16, ""reliability"": 0.22, ""type"": ""numeric"", ""value"": ""0.1700 (ref: 0.1485)""}, {""anchor_value"": ""434d13e2"", ""contribution"": 0.08, ""feature"": ""method_selector"", ""proximity"": 1.0, ""reliability"": 0.08, ""type"": ""categorical"", ""value"": ""434d13e2""}, {""anchor_value"": ""pons"", ""contribution"": 0.08, ""feature"": ""launchpad"", ""proximity"": 1.0, ""reliability"": 0.08, ""type"": ""categorical"", ""value"": ""pons""}]"
43.25,WATCH,team astro,4663,RBH,TITTIES,0x7b618606b782DDEe486caB81232d0DE7bF64C3BF,INLEX,0xCF32b9c1104C14e05a5B17a78618cbD70Bf42091,4663,RBH,"[{""anchor_value"": ""1"", ""contribution"": 0.22, ""feature"": ""nonce"", ""proximity"": 1.0, ""reliability"": 0.22, ""type"": ""numeric"", ""value"": ""1""}, {""anchor_value"": ""0.1303"", ""contribution"": 0.2092, ""feature"": ""gwei"", ""proximity"": 0.84, ""reliability"": 0.22, ""type"": ""numeric"", ""value"": ""0.1271 (ref: 0.1303)""}, {""anchor_value"": ""pons"", ""contribution"": 0.08, ""feature"": ""launchpad"", ""proximity"": 1.0, ""reliability"": 0.08, ""type"": ""categorical"", ""value"": ""pons""}]"
42.84,WATCH,team gigalon,4663,RBH,FLARE,0x843401F5Df15bf73D50d0f73e929630388FA832c,gigalon,0x7190Cb95dead29359eB9050f03Ce6bffBf2915c0,4663,RBH,"[{""anchor_value"": ""0.0827"", ""contribution"": 0.2137, ""feature"": ""gwei"", ""proximity"": 0.9, ""reliability"": 0.22, ""type"": ""numeric"", ""value"": ""0.0839 (ref: 0.0827)""}, {""anchor_value"": ""0.1639"", ""contribution"": 0.2099, ""feature"": ""max_gwei"", ""proximity"": 0.85, ""reliability"": 0.22, ""type"": ""numeric"", ""value"": ""0.1601 (ref: 0.1639)""}, {""anchor_value"": ""pons"", ""contribution"": 0.08, ""feature"": ""launchpad"", ""proximity"": 1.0, ""reliability"": 0.08, ""type"": ""categorical"", ""value"": ""pons""}]"
42.8,WATCH,unclustered,4663,RBH,SUPER,0x31205C42eA3e6320BEce833D167A0d3562C8176D,FLOOR,0xB98bF424fA411057500f737FdB773Ed874c98312,4663,RBH,"[{""anchor_value"": ""5"", ""contribution"": 0.22, ""feature"": ""nonce"", ""proximity"": 1.0, ""reliability"": 0.22, ""type"": ""numeric"", ""value"": ""5""}, {""anchor_value"": ""0.1605"", ""contribution"": 0.2029, ""feature"": ""max_gwei"", ""proximity"": 0.74, ""reliability"": 0.22, ""type"": ""numeric"", ""value"": ""0.1543 (ref: 0.1605)""}, {""anchor_value"": ""pons"", ""contribution"": 0.08, ""feature"": ""launchpad"", ""proximity"": 1.0, ""reliability"": 0.08, ""type"": ""categorical"", ""value"": ""pons""}]"
42.7,WATCH,team astro,4663,RBH,APE,0xe57287d086859C1d1DC1F1Af3271BbBbe2f0c071,FORGE,0xA9384EB62343BB623DEAA6cBDAa0A7fd0E6c5F15,4663,RBH,"[{""anchor_value"": ""0.0005"", ""contribution"": 0.22, ""feature"": ""value_eth"", ""proximity"": 1.0, ""reliability"": 0.22, ""type"": ""numeric"", ""value"": ""0.0005 (ref: 0.0005)""}, {""anchor_value"": ""5"", ""contribution"": 0.132, ""feature"": ""nonce"", ""proximity"": 0.6, ""reliability"": 0.22, ""type"": ""numeric"", ""value"": ""4""}, {""anchor_value"": ""434d13e2"", ""contribution"": 0.08, ""feature"": ""method_selector"", ""proximity"": 1.0, ""reliability"": 0.08, ""type"": ""categorical"", ""value"": ""434d13e2""}, {""anchor_value"": ""pons"", ""contribution"": 0.08, ""feature"": ""launchpad"", ""proximity"": 1.0, ""reliability"": 0.08, ""type"": ""categorical"", ""value"": ""pons""}]"
42.7,WATCH,team astro,4663,RBH,DRAM,0x71D321f4B777766663fd8e36A60E7556598E532d,FORGE,0xA9384EB62343BB623DEAA6cBDAa0A7fd0E6c5F15,4663,RBH,"[{""anchor_value"": ""0.0005"", ""contribution"": 0.22, ""feature"": ""value_eth"", ""proximity"": 1.0, ""reliability"": 0.22, ""type"": ""numeric"", ""value"": ""0.0005 (ref: 0.0005)""}, {""anchor_value"": ""5"", ""contribution"": 0.132, ""feature"": ""nonce"", ""proximity"": 0.6, ""reliability"": 0.22, ""type"": ""numeric"", ""value"": ""4""}, {""anchor_value"": ""434d13e2"", ""contribution"": 0.08, ""feature"": ""method_selector"", ""proximity"": 1.0, ""reliability"": 0.08, ""type"": ""categorical"", ""value"": ""434d13e2""}, {""anchor_value"": ""pons"", ""contribution"": 0.08, ""feature"": ""launchpad"", ""proximity"": 1.0, ""reliability"": 0.08, ""type"": ""categorical"", ""value"": ""pons""}]"
42.7,WATCH,team astro,4663,RBH,EARN,0x7214bc66A4c95617809AE84b08D715aE526B7289,FORGE,0xA9384EB62343BB623DEAA6cBDAa0A7fd0E6c5F15,4663,RBH,"[{""anchor_value"": ""0.0005"", ""contribution"": 0.22, ""feature"": ""value_eth"", ""proximity"": 1.0, ""reliability"": 0.22, ""type"": ""numeric"", ""value"": ""0.0005 (ref: 0.0005)""}, {""anchor_value"": ""5"", ""contribution"": 0.132, ""feature"": ""nonce"", ""proximity"": 0.6, ""reliability"": 0.22, ""type"": ""numeric"", ""value"": ""4""}, {""anchor_value"": ""434d13e2"", ""contribution"": 0.08, ""feature"": ""method_selector"", ""proximity"": 1.0, ""reliability"": 0.08, ""type"": ""categorical"", ""value"": ""434d13e2""}, {""anchor_value"": ""pons"", ""contribution"": 0.08, ""feature"": ""launchpad"", ""proximity"": 1.0, ""reliability"": 0.08, ""type"": ""categorical"", ""value"": ""pons""}]"
42.7,WATCH,team astro,4663,RBH,ECHO,0x82b2ba014A18Adce19292818a90957D82124B1dc,FORGE,0xA9384EB62343BB623DEAA6cBDAa0A7fd0E6c5F15,4663,RBH,"[{""anchor_value"": ""0.0005"", ""contribution"": 0.22, ""feature"": ""value_eth"", ""proximity"": 1.0, ""reliability"": 0.22, ""type"": ""numeric"", ""value"": ""0.0005 (ref: 0.0005)""}, {""anchor_value"": ""5"", ""contribution"": 0.132, ""feature"": ""nonce"", ""proximity"": 0.6, ""reliability"": 0.22, ""type"": ""numeric"", ""value"": ""4""}, {""anchor_value"": ""434d13e2"", ""contribution"": 0.08, ""feature"": ""method_selector"", ""proximity"": 1.0, ""reliability"": 0.08, ""type"": ""categorical"", ""value"": ""434d13e2""}, {""anchor_value"": ""pons"", ""contribution"": 0.08, ""feature"": ""launchpad"", ""proximity"": 1.0, ""reliability"": 0.08, ""type"": ""categorical"", ""value"": ""pons""}]"
42.7,WATCH,team astro,4663,RBH,RETARDS,0x76d70beb4790c4599D8f95C07122b881D84b19CD,FORGE,0xA9384EB62343BB623DEAA6cBDAa0A7fd0E6c5F15,4663,RBH,"[{""anchor_value"": ""0.0005"", ""contribution"": 0.22, ""feature"": ""value_eth"", ""proximity"": 1.0, ""reliability"": 0.22, ""type"": ""numeric"", ""value"": ""0.0005 (ref: 0.0005)""}, {""anchor_value"": ""5"", ""contribution"": 0.132, ""feature"": ""nonce"", ""proximity"": 0.6, ""reliability"": 0.22, ""type"": ""numeric"", ""value"": ""4""}, {""anchor_value"": ""434d13e2"", ""contribution"": 0.08, ""feature"": ""method_selector"", ""proximity"": 1.0, ""reliability"": 0.08, ""type"": ""categorical"", ""value"": ""434d13e2""}, {""anchor_value"": ""pons"", ""contribution"": 0.08, ""feature"": ""launchpad"", ""proximity"": 1.0, ""reliability"": 0.08, ""type"": ""categorical"", ""value"": ""pons""}]"
42.7,WATCH,team astro,4663,RBH,idomain,0xeD53f6a81b3a1547fDB676b91385Ec1373c519aD,FORGE,0xA9384EB62343BB623DEAA6cBDAa0A7fd0E6c5F15,4663,RBH,"[{""anchor_value"": ""0.0005"", ""contribution"": 0.22, ""feature"": ""value_eth"", ""proximity"": 1.0, ""reliability"": 0.22, ""type"": ""numeric"", ""value"": ""0.0005 (ref: 0.0005)""}, {""anchor_value"": ""5"", ""contribution"": 0.132, ""feature"": ""nonce"", ""proximity"": 0.6, ""reliability"": 0.22, ""type"": ""numeric"", ""value"": ""4""}, {""anchor_value"": ""434d13e2"", ""contribution"": 0.08, ""feature"": ""method_selector"", ""proximity"": 1.0, ""reliability"": 0.08, ""type"": ""categorical"", ""value"": ""434d13e2""}, {""anchor_value"": ""pons"", ""contribution"": 0.08, ""feature"": ""launchpad"", ""proximity"": 1.0, ""reliability"": 0.08, ""type"": ""categorical"", ""value"": ""pons""}]"
42.32,WATCH,team astro,4663,RBH,DATACENTER,0x080Ad0136eDe24Cc46AeFa11B7F648724bf71E18,PENNY,0xBe8189aC06C8E34191EC2Bb22Cc464ED1323A9fe,4663,RBH,"[{""anchor_value"": ""0.2960"", ""contribution"": 0.2093, ""feature"": ""gwei"", ""proximity"": 0.84, ""reliability"": 0.22, ""type"": ""numeric"", ""value"": ""0.2888 (ref: 0.2960)""}, {""anchor_value"": ""0.8983"", ""contribution"": 0.2071, ""feature"": ""max_gwei"", ""proximity"": 0.81, ""reliability"": 0.22, ""type"": ""numeric"", ""value"": ""0.8720 (ref: 0.8983)""}, {""anchor_value"": ""pons"", ""contribution"": 0.08, ""feature"": ""launchpad"", ""proximity"": 1.0, ""reliability"": 0.08, ""type"": ""categorical"", ""value"": ""pons""}]"
42.07,WATCH,team astro,4663,RBH,STOCK,0x8F5e88fE006017cDD9Fb53375c63AEC38af5CB1A,INLEX,0xCF32b9c1104C14e05a5B17a78618cbD70Bf42091,4663,RBH,"[{""anchor_value"": ""1"", ""contribution"": 0.22, ""feature"": ""nonce"", ""proximity"": 1.0, ""reliability"": 0.22, ""type"": ""numeric"", ""value"": ""1""}, {""anchor_value"": ""0.1485"", ""contribution"": 0.1927, ""feature"": ""max_gwei"", ""proximity"": 0.59, ""reliability"": 0.22, ""type"": ""numeric"", ""value"": ""0.1393 (ref: 0.1485)""}, {""anchor_value"": ""pons"", ""contribution"": 0.08, ""feature"": ""launchpad"", ""proximity"": 1.0, ""reliability"": 0.08, ""type"": ""categorical"", ""value"": ""pons""}]"
41.63,WATCH,team gigalon,4663,RBH,ARCPAD,0x3AfF7528262b9A165ffD994ab54f1858fE4974C3,Grok,0xD9E82b01fbD8EB7A59D456fEf3B56D39d90caa47,4663,RBH,"[{""anchor_value"": ""1"", ""contribution"": 0.22, ""feature"": ""nonce"", ""proximity"": 1.0, ""reliability"": 0.22, ""type"": ""numeric"", ""value"": ""1""}, {""anchor_value"": ""0.1815"", ""contribution"": 0.1865, ""feature"": ""max_gwei"", ""proximity"": 0.49, ""reliability"": 0.22, ""type"": ""numeric"", ""value"": ""0.1965 (ref: 0.1815)""}, {""anchor_value"": ""pons"", ""contribution"": 0.08, ""feature"": ""launchpad"", ""proximity"": 1.0, ""reliability"": 0.08, ""type"": ""categorical"", ""value"": ""pons""}]"
41.3,WATCH,unclustered,4663,RBH,MEME,0x385F4f8ae47651ce5F58F5265395a669f8281e18,SAFEMOON,0xe26CF98e70Cfc08f23dbBBbA8db51D0c4d55F6cc,4663,RBH,"[{""anchor_value"": ""0.9185"", ""contribution"": 0.2137, ""feature"": ""max_gwei"", ""proximity"": 0.9, ""reliability"": 0.22, ""type"": ""numeric"", ""value"": ""0.9318 (ref: 0.9185)""}, {""anchor_value"": ""0.3013"", ""contribution"": 0.1886, ""feature"": ""gwei"", ""proximity"": 0.52, ""reliability"": 0.22, ""type"": ""numeric"", ""value"": ""0.3245 (ref: 0.3013)""}, {""anchor_value"": ""pons"", ""contribution"": 0.08, ""feature"": ""launchpad"", ""proximity"": 1.0, ""reliability"": 0.08, ""type"": ""categorical"", ""value"": ""pons""}]"
41.11,WATCH,team astro,4663,RBH,INU,0x63Ee32Ac3077d1fbd8a77eBBA2a6ed4b8e9c1e18,INLEX,0xCF32b9c1104C14e05a5B17a78618cbD70Bf42091,4663,RBH,"[{""anchor_value"": ""0.1303"", ""contribution"": 0.2049, ""feature"": ""gwei"", ""proximity"": 0.77, ""reliability"": 0.22, ""type"": ""numeric"", ""value"": ""0.1259 (ref: 0.1303)""}, {""anchor_value"": ""0.1485"", ""contribution"": 0.1949, ""feature"": ""max_gwei"", ""proximity"": 0.62, ""reliability"": 0.22, ""type"": ""numeric"", ""value"": ""0.1575 (ref: 0.1485)""}, {""anchor_value"": ""pons"", ""contribution"": 0.08, ""feature"": ""launchpad"", ""proximity"": 1.0, ""reliability"": 0.08, ""type"": ""categorical"", ""value"": ""pons""}]"
40.75,WATCH,team gigalon,4663,RBH,CPURR,0xCA9fDA255c1196bBe48e5DaC47a787ACA403c0F1,gigalon,0x7190Cb95dead29359eB9050f03Ce6bffBf2915c0,4663,RBH,"[{""anchor_value"": ""a3fcce81ca12de34d2968c48ffd3fb71e83788e59c5ff049fe2a13944f597596"", ""contribution"": 0.3, ""feature"": ""template_hash"", ""proximity"": 1.0, ""reliability"": 0.3, ""type"": ""categorical"", ""value"": ""a3fcce81ca12de34d2968c48ffd3fb71e83788e59c5ff049fe2a13944f597596""}, {""anchor_value"": ""ca20cf82"", ""contribution"": 0.08, ""feature"": ""method_selector"", ""proximity"": 1.0, ""reliability"": 0.08, ""type"": ""categorical"", ""value"": ""ca20cf82""}, {""anchor_value"": ""pons"", ""contribution"": 0.08, ""feature"": ""launchpad"", ""proximity"": 1.0, ""reliability"": 0.08, ""type"": ""categorical"", ""value"": ""pons""}]"
40.75,WATCH,team gigalon,4663,RBH,EXAG,0x876Cac419238bb42584FB73b30102407785205AE,gigalon,0x7190Cb95dead29359eB9050f03Ce6bffBf2915c0,4663,RBH,"[{""anchor_value"": ""a3fcce81ca12de34d2968c48ffd3fb71e83788e59c5ff049fe2a13944f597596"", ""contribution"": 0.3, ""feature"": ""template_hash"", ""proximity"": 1.0, ""reliability"": 0.3, ""type"": ""categorical"", ""value"": ""a3fcce81ca12de34d2968c48ffd3fb71e83788e59c5ff049fe2a13944f597596""}, {""anchor_value"": ""ca20cf82"", ""contribution"": 0.08, ""feature"": ""method_selector"", ""proximity"": 1.0, ""reliability"": 0.08, ""type"": ""categorical"", ""value"": ""ca20cf82""}, {""anchor_value"": ""pons"", ""contribution"": 0.08, ""feature"": ""launchpad"", ""proximity"": 1.0, ""reliability"": 0.08, ""type"": ""categorical"", ""value"": ""pons""}]"
40.75,WATCH,team gigalon,4663,RBH,FIFE,0x5129eD2cB16465cB3DdA0843D2f891c23c85Fcc8,gigalon,0x7190Cb95dead29359eB9050f03Ce6bffBf2915c0,4663,RBH,"[{""anchor_value"": ""a3fcce81ca12de34d2968c48ffd3fb71e83788e59c5ff049fe2a13944f597596"", ""contribution"": 0.3, ""feature"": ""template_hash"", ""proximity"": 1.0, ""reliability"": 0.3, ""type"": ""categorical"", ""value"": ""a3fcce81ca12de34d2968c48ffd3fb71e83788e59c5ff049fe2a13944f597596""}, {""anchor_value"": ""ca20cf82"", ""contribution"": 0.08, ""feature"": ""method_selector"", ""proximity"": 1.0, ""reliability"": 0.08, ""type"": ""categorical"", ""value"": ""ca20cf82""}, {""anchor_value"": ""pons"", ""contribution"": 0.08, ""feature"": ""launchpad"", ""proximity"": 1.0, ""reliability"": 0.08, ""type"": ""categorical"", ""value"": ""pons""}]"
40.75,WATCH,team gigalon,4663,RBH,GIN-CHAN,0xeF801b75FF65569e5C7174f821bF7a8689F64263,gigalon,0x7190Cb95dead29359eB9050f03Ce6bffBf2915c0,4663,RBH,"[{""anchor_value"": ""a3fcce81ca12de34d2968c48ffd3fb71e83788e59c5ff049fe2a13944f597596"", ""contribution"": 0.3, ""feature"": ""template_hash"", ""proximity"": 1.0, ""reliability"": 0.3, ""type"": ""categorical"", ""value"": ""a3fcce81ca12de34d2968c48ffd3fb71e83788e59c5ff049fe2a13944f597596""}, {""anchor_value"": ""ca20cf82"", ""contribution"": 0.08, ""feature"": ""method_selector"", ""proximity"": 1.0, ""reliability"": 0.08, ""type"": ""categorical"", ""value"": ""ca20cf82""}, {""anchor_value"": ""pons"", ""contribution"": 0.08, ""feature"": ""launchpad"", ""proximity"": 1.0, ""reliability"": 0.08, ""type"": ""categorical"", ""value"": ""pons""}]"
40.75,WATCH,team gigalon,4663,RBH,LORA,0x07f9F6e6694308696246DA8A0a25a42F964CE3c9,gigalon,0x7190Cb95dead29359eB9050f03Ce6bffBf2915c0,4663,RBH,"[{""anchor_value"": ""a3fcce81ca12de34d2968c48ffd3fb71e83788e59c5ff049fe2a13944f597596"", ""contribution"": 0.3, ""feature"": ""template_hash"", ""proximity"": 1.0, ""reliability"": 0.3, ""type"": ""categorical"", ""value"": ""a3fcce81ca12de34d2968c48ffd3fb71e83788e59c5ff049fe2a13944f597596""}, {""anchor_value"": ""ca20cf82"", ""contribution"": 0.08, ""feature"": ""method_selector"", ""proximity"": 1.0, ""reliability"": 0.08, ""type"": ""categorical"", ""value"": ""ca20cf82""}, {""anchor_value"": ""pons"", ""contribution"": 0.08, ""feature"": ""launchpad"", ""proximity"": 1.0, ""reliability"": 0.08, ""type"": ""categorical"", ""value"": ""pons""}]"
40.75,WATCH,team gigalon,4663,RBH,Mike,0x63cc3c257eB35Cc8e3cAEEa8ba9CAA8C7057D59A,gigalon,0x7190Cb95dead29359eB9050f03Ce6bffBf2915c0,4663,RBH,"[{""anchor_value"": ""a3fcce81ca12de34d2968c48ffd3fb71e83788e59c5ff049fe2a13944f597596"", ""contribution"": 0.3, ""feature"": ""template_hash"", ""proximity"": 1.0, ""reliability"": 0.3, ""type"": ""categorical"", ""value"": ""a3fcce81ca12de34d2968c48ffd3fb71e83788e59c5ff049fe2a13944f597596""}, {""anchor_value"": ""ca20cf82"", ""contribution"": 0.08, ""feature"": ""method_selector"", ""proximity"": 1.0, ""reliability"": 0.08, ""type"": ""categorical"", ""value"": ""ca20cf82""}, {""anchor_value"": ""pons"", ""contribution"": 0.08, ""feature"": ""launchpad"", ""proximity"": 1.0, ""reliability"": 0.08, ""type"": ""categorical"", ""value"": ""pons""}]"
40.75,WATCH,team gigalon,4663,RBH,OKEY,0x7b02c947f09B042922292f3d5FbeeFFbDaee2eE8,gigalon,0x7190Cb95dead29359eB9050f03Ce6bffBf2915c0,4663,RBH,"[{""anchor_value"": ""a3fcce81ca12de34d2968c48ffd3fb71e83788e59c5ff049fe2a13944f597596"", ""contribution"": 0.3, ""feature"": ""template_hash"", ""proximity"": 1.0, ""reliability"": 0.3, ""type"": ""categorical"", ""value"": ""a3fcce81ca12de34d2968c48ffd3fb71e83788e59c5ff049fe2a13944f597596""}, {""anchor_value"": ""ca20cf82"", ""contribution"": 0.08, ""feature"": ""method_selector"", ""proximity"": 1.0, ""reliability"": 0.08, ""type"": ""categorical"", ""value"": ""ca20cf82""}, {""anchor_value"": ""pons"", ""contribution"": 0.08, ""feature"": ""launchpad"", ""proximity"": 1.0, ""reliability"": 0.08, ""type"": ""categorical"", ""value"": ""pons""}]"
40.75,WATCH,team gigalon,4663,RBH,RGRID,0x3AD2ad460be97324197E24D4702857946108b5CA,gigalon,0x7190Cb95dead29359eB9050f03Ce6bffBf2915c0,4663,RBH,"[{""anchor_value"": ""a3fcce81ca12de34d2968c48ffd3fb71e83788e59c5ff049fe2a13944f597596"", ""contribution"": 0.3, ""feature"": ""template_hash"", ""proximity"": 1.0, ""reliability"": 0.3, ""type"": ""categorical"", ""value"": ""a3fcce81ca12de34d2968c48ffd3fb71e83788e59c5ff049fe2a13944f597596""}, {""anchor_value"": ""ca20cf82"", ""contribution"": 0.08, ""feature"": ""method_selector"", ""proximity"": 1.0, ""reliability"": 0.08, ""type"": ""categorical"", ""value"": ""ca20cf82""}, {""anchor_value"": ""pons"", ""contribution"": 0.08, ""feature"": ""launchpad"", ""proximity"": 1.0, ""reliability"": 0.08, ""type"": ""categorical"", ""value"": ""pons""}]"
40.75,WATCH,team gigalon,4663,RBH,VGT,0xe68Bad7ebDF9446223dc59b7A52684950CAfc0f8,gigalon,0x7190Cb95dead29359eB9050f03Ce6bffBf2915c0,4663,RBH,"[{""anchor_value"": ""a3fcce81ca12de34d2968c48ffd3fb71e83788e59c5ff049fe2a13944f597596"", ""contribution"": 0.3, ""feature"": ""template_hash"", ""proximity"": 1.0, ""reliability"": 0.3, ""type"": ""categorical"", ""value"": ""a3fcce81ca12de34d2968c48ffd3fb71e83788e59c5ff049fe2a13944f597596""}, {""anchor_value"": ""ca20cf82"", ""contribution"": 0.08, ""feature"": ""method_selector"", ""proximity"": 1.0, ""reliability"": 0.08, ""type"": ""categorical"", ""value"": ""ca20cf82""}, {""anchor_value"": ""pons"", ""contribution"": 0.08, ""feature"": ""launchpad"", ""proximity"": 1.0, ""reliability"": 0.08, ""type"": ""categorical"", ""value"": ""pons""}]"
40.68,WATCH,team gigalon,4663,RBH,SHOS,0xe574Ee12e790b94e56f2bf13a74A9729862B0a46,Grok,0xD9E82b01fbD8EB7A59D456fEf3B56D39d90caa47,4663,RBH,"[{""anchor_value"": ""1"", ""contribution"": 0.22, ""feature"": ""nonce"", ""proximity"": 1.0, ""reliability"": 0.22, ""type"": ""numeric"", ""value"": ""1""}, {""anchor_value"": ""0.1815"", ""contribution"": 0.1734, ""feature"": ""max_gwei"", ""proximity"": 0.29, ""reliability"": 0.22, ""type"": ""numeric"", ""value"": ""0.2031 (ref: 0.1815)""}, {""anchor_value"": ""pons"", ""contribution"": 0.08, ""feature"": ""launchpad"", ""proximity"": 1.0, ""reliability"": 0.08, ""type"": ""categorical"", ""value"": ""pons""}]"
40.61,WATCH,team gigalon,4663,RBH,HOME,0x7E58C4d63e1ad3a4827e5Ca9A84484B0C1eb2Ac1,Grok,0xD9E82b01fbD8EB7A59D456fEf3B56D39d90caa47,4663,RBH,"[{""anchor_value"": ""0.1815"", ""contribution"": 0.2038, ""feature"": ""max_gwei"", ""proximity"": 0.76, ""reliability"": 0.22, ""type"": ""numeric"", ""value"": ""0.1749 (ref: 0.1815)""}, {""anchor_value"": ""1.0753"", ""contribution"": 0.1892, ""feature"": ""fund_amount"", ""proximity"": 0.53, ""reliability"": 0.22, ""type"": ""numeric"", ""value"": ""1.0000 (ref: 1.0753)""}, {""anchor_value"": ""pons"", ""contribution"": 0.08, ""feature"": ""launchpad"", ""proximity"": 1.0, ""reliability"": 0.08, ""type"": ""categorical"", ""value"": ""pons""}]"
40.49,WATCH,unclustered,4663,RBH,VLAD,0x25fc5d4618078455a292690b4Ad06e227453cb06,GME,0xc2362AfF2A2a4CC1f48cF3Dab2C4e2605eb94BA3,4663,RBH,"[{""anchor_value"": ""0.1206"", ""contribution"": 0.2196, ""feature"": ""max_gwei"", ""proximity"": 0.99, ""reliability"": 0.22, ""type"": ""numeric"", ""value"": ""0.1207 (ref: 0.1206)""}, {""anchor_value"": ""0.0959"", ""contribution"": 0.1712, ""feature"": ""gwei"", ""proximity"": 0.26, ""reliability"": 0.22, ""type"": ""numeric"", ""value"": ""0.0852 (ref: 0.0959)""}, {""anchor_value"": ""pons"", ""contribution"": 0.08, ""feature"": ""launchpad"", ""proximity"": 1.0, ""reliability"": 0.08, ""type"": ""categorical"", ""value"": ""pons""}]"
40.35,WATCH,team robinary,4663,RBH,GOLDENARROW,0xF5051f07B69ef5874fb50D3f57dFb880451Fc844,ROBINARY,0x41bF9BfA1BB13758BdeF159486c218bcAbF2B79c,4663,RBH,"[{""anchor_value"": ""1.9994"", ""contribution"": 0.2113, ""feature"": ""fund_amount"", ""proximity"": 0.87, ""reliability"": 0.22, ""type"": ""numeric"", ""value"": ""1.9600 (ref: 1.9994)""}, {""anchor_value"": ""0.2183"", ""contribution"": 0.1779, ""feature"": ""max_gwei"", ""proximity"": 0.36, ""reliability"": 0.22, ""type"": ""numeric"", ""value"": ""0.1974 (ref: 0.2183)""}, {""anchor_value"": ""pons"", ""contribution"": 0.08, ""feature"": ""launchpad"", ""proximity"": 1.0, ""reliability"": 0.08, ""type"": ""categorical"", ""value"": ""pons""}]"
38.73,WATCH,team gigalon,4663,RBH,JESUS,0x0E6001CfA28dB76Cb2b368cef1571F5ED54FE853,Grok,0xD9E82b01fbD8EB7A59D456fEf3B56D39d90caa47,4663,RBH,"[{""anchor_value"": ""0.0896"", ""contribution"": 0.1951, ""feature"": ""gwei"", ""proximity"": 0.62, ""reliability"": 0.22, ""type"": ""numeric"", ""value"": ""0.0846 (ref: 0.0896)""}, {""anchor_value"": ""0.1815"", ""contribution"": 0.1726, ""feature"": ""max_gwei"", ""proximity"": 0.28, ""reliability"": 0.22, ""type"": ""numeric"", ""value"": ""0.2034 (ref: 0.1815)""}, {""anchor_value"": ""pons"", ""contribution"": 0.08, ""feature"": ""launchpad"", ""proximity"": 1.0, ""reliability"": 0.08, ""type"": ""categorical"", ""value"": ""pons""}]"
38.22,WATCH,team gigalon,4663,RBH,NO,0x98c0FfCb9242fF17C7B64D5e90b256956729E85F,gigalon,0x7190Cb95dead29359eB9050f03Ce6bffBf2915c0,4663,RBH,"[{""anchor_value"": ""0.1639"", ""contribution"": 0.206, ""feature"": ""max_gwei"", ""proximity"": 0.79, ""reliability"": 0.22, ""type"": ""numeric"", ""value"": ""0.1693 (ref: 0.1639)""}, {""anchor_value"": ""0.0827"", ""contribution"": 0.1542, ""feature"": ""gwei"", ""proximity"": 0.0, ""reliability"": 0.22, ""type"": ""numeric"", ""value"": ""0.0703 (ref: 0.0827)""}, {""anchor_value"": ""pons"", ""contribution"": 0.08, ""feature"": ""launchpad"", ""proximity"": 1.0, ""reliability"": 0.08, ""type"": ""categorical"", ""value"": ""pons""}]"
37.45,WATCH,team gigalon,4663,RBH,CLARITY,0x26f4464A929e71124C6A7b5f043Cd67DCC016c09,gigalon,0x7190Cb95dead29359eB9050f03Ce6bffBf2915c0,4663,RBH,"[{""anchor_value"": ""0.0827"", ""contribution"": 0.1771, ""feature"": ""gwei"", ""proximity"": 0.35, ""reliability"": 0.22, ""type"": ""numeric"", ""value"": ""0.0746 (ref: 0.0827)""}, {""anchor_value"": ""0.1639"", ""contribution"": 0.1738, ""feature"": ""max_gwei"", ""proximity"": 0.3, ""reliability"": 0.22, ""type"": ""numeric"", ""value"": ""0.1831 (ref: 0.1639)""}, {""anchor_value"": ""pons"", ""contribution"": 0.08, ""feature"": ""launchpad"", ""proximity"": 1.0, ""reliability"": 0.08, ""type"": ""categorical"", ""value"": ""pons""}]"
37.29,WATCH,team astro,4663,RBH,GASOLINU,0x1e6EA1e89151cDc8443968Bf047cfa3177181e18,HOODIECOIN,0x55AE1d4C532fa686C168a0549DAc36c25309F0Ea,4663,RBH,"[{""anchor_value"": ""0.7195"", ""contribution"": 0.1896, ""feature"": ""max_gwei"", ""proximity"": 0.54, ""reliability"": 0.22, ""type"": ""numeric"", ""value"": ""0.6698 (ref: 0.7195)""}, {""anchor_value"": ""0.4117"", ""contribution"": 0.1589, ""feature"": ""gwei"", ""proximity"": 0.07, ""reliability"": 0.22, ""type"": ""numeric"", ""value"": ""0.4782 (ref: 0.4117)""}, {""anchor_value"": ""pons"", ""contribution"": 0.08, ""feature"": ""launchpad"", ""proximity"": 1.0, ""reliability"": 0.08, ""type"": ""categorical"", ""value"": ""pons""}]"
35.98,WATCH,team astro,4663,RBH,FORESKIN,0x0e73172cA6390fB0E16a8a0A3F9bca1113b336aE,CEREBRO,0xEb24a2663af4Ee979dCbfE39cB95B5F12D369c4B,4663,RBH,"[{""anchor_value"": ""0.2381"", ""contribution"": 0.1662, ""feature"": ""gwei"", ""proximity"": 0.18, ""reliability"": 0.22, ""type"": ""numeric"", ""value"": ""0.2090 (ref: 0.2381)""}, {""anchor_value"": ""0.7189"", ""contribution"": 0.1655, ""feature"": ""max_gwei"", ""proximity"": 0.17, ""reliability"": 0.22, ""type"": ""numeric"", ""value"": ""0.6298 (ref: 0.7189)""}, {""anchor_value"": ""pons"", ""contribution"": 0.08, ""feature"": ""launchpad"", ""proximity"": 1.0, ""reliability"": 0.08, ""type"": ""categorical"", ""value"": ""pons""}]"
35.6,WATCH,unclustered,4663,RBH,WAGIE,0x0C9EF6d80e6279c3a214a5E3c7AaD4417e3d1e18,KPOP,0xca3ce24FB1a6E7dB0003f9c785405A851E3F1e18,4663,RBH,"[{""anchor_value"": ""f10f86b05965a827a332e6c73086f18026fbe3917f4bffbec3f938b3b5397b56"", ""contribution"": 0.3, ""feature"": ""template_hash"", ""proximity"": 1.0, ""reliability"": 0.3, ""type"": ""categorical"", ""value"": ""f10f86b05965a827a332e6c73086f18026fbe3917f4bffbec3f938b3b5397b56""}, {""anchor_value"": ""pons"", ""contribution"": 0.08, ""feature"": ""launchpad"", ""proximity"": 1.0, ""reliability"": 0.08, ""type"": ""categorical"", ""value"": ""pons""}]"
33.98,WATCH,team astro,4663,RBH,$EOLASAI,0x729eb6Fd9e9458517f44bfD4257787d42d906F17,CLAWNCH,0x6a50F139F3eD4C9c7bDa0D067c5Ed09De1EEBbeA,4663,RBH,"[{""anchor_value"": ""0.0005"", ""contribution"": 0.22, ""feature"": ""value_eth"", ""proximity"": 1.0, ""reliability"": 0.22, ""type"": ""numeric"", ""value"": ""0.0005 (ref: 0.0005)""}, {""anchor_value"": ""434d13e2"", ""contribution"": 0.08, ""feature"": ""method_selector"", ""proximity"": 1.0, ""reliability"": 0.08, ""type"": ""categorical"", ""value"": ""434d13e2""}, {""anchor_value"": ""pons"", ""contribution"": 0.08, ""feature"": ""launchpad"", ""proximity"": 1.0, ""reliability"": 0.08, ""type"": ""categorical"", ""value"": ""pons""}]"
33.98,WATCH,team astro,4663,RBH,Anything,0x77Be06f23FDbFad2DD7157242F5fAB6bB36a5635,HABITS,0x85BD531bA0787D14fF20aa5a3d49E0E44Ac9650C,4663,RBH,"[{""anchor_value"": ""0.0205"", ""contribution"": 0.22, ""feature"": ""value_eth"", ""proximity"": 1.0, ""reliability"": 0.22, ""type"": ""numeric"", ""value"": ""0.0205 (ref: 0.0205)""}, {""anchor_value"": ""434d13e2"", ""contribution"": 0.08, ""feature"": ""method_selector"", ""proximity"": 1.0, ""reliability"": 0.08, ""type"": ""categorical"", ""value"": ""434d13e2""}, {""anchor_value"": ""pons"", ""contribution"": 0.08, ""feature"": ""launchpad"", ""proximity"": 1.0, ""reliability"": 0.08, ""type"": ""categorical"", ""value"": ""pons""}]"
33.98,WATCH,team astro,4663,RBH,CAI,0xFD64BE4dD50222bf14A7fA47043e204eBe6A3B27,HP,0x0c54421BD4138A0Cd8D6a0534e22Ff0aAe8CDCCb,4663,RBH,"[{""anchor_value"": ""0.0000"", ""contribution"": 0.22, ""feature"": ""priority_gwei"", ""proximity"": 1.0, ""reliability"": 0.22, ""type"": ""numeric"", ""value"": ""0.0000 (ref: 0.0000)""}, {""anchor_value"": ""434d13e2"", ""contribution"": 0.08, ""feature"": ""method_selector"", ""proximity"": 1.0, ""reliability"": 0.08, ""type"": ""categorical"", ""value"": ""434d13e2""}, {""anchor_value"": ""pons"", ""contribution"": 0.08, ""feature"": ""launchpad"", ""proximity"": 1.0, ""reliability"": 0.08, ""type"": ""categorical"", ""value"": ""pons""}]"
33.98,WATCH,team astro,4663,RBH,Evolve,0xC5173ee3522DceF3685dB028f3bF125b1A294690,CLAWNCH,0x6a50F139F3eD4C9c7bDa0D067c5Ed09De1EEBbeA,4663,RBH,"[{""anchor_value"": ""0.0005"", ""contribution"": 0.22, ""feature"": ""value_eth"", ""proximity"": 1.0, ""reliability"": 0.22, ""type"": ""numeric"", ""value"": ""0.0005 (ref: 0.0005)""}, {""anchor_value"": ""434d13e2"", ""contribution"": 0.08, ""feature"": ""method_selector"", ""proximity"": 1.0, ""reliability"": 0.08, ""type"": ""categorical"", ""value"": ""434d13e2""}, {""anchor_value"": ""pons"", ""contribution"": 0.08, ""feature"": ""launchpad"", ""proximity"": 1.0, ""reliability"": 0.08, ""type"": ""categorical"", ""value"": ""pons""}]"
33.98,WATCH,team astro,4663,RBH,FREN,0xDF09eDb6B7C7de7c8472E243d78681b71aCEd3de,CLAWNCH,0x6a50F139F3eD4C9c7bDa0D067c5Ed09De1EEBbeA,4663,RBH,"[{""anchor_value"": ""0.0005"", ""contribution"": 0.22, ""feature"": ""value_eth"", ""proximity"": 1.0, ""reliability"": 0.22, ""type"": ""numeric"", ""value"": ""0.0005 (ref: 0.0005)""}, {""anchor_value"": ""434d13e2"", ""contribution"": 0.08, ""feature"": ""method_selector"", ""proximity"": 1.0, ""reliability"": 0.08, ""type"": ""categorical"", ""value"": ""434d13e2""}, {""anchor_value"": ""pons"", ""contribution"": 0.08, ""feature"": ""launchpad"", ""proximity"": 1.0, ""reliability"": 0.08, ""type"": ""categorical"", ""value"": ""pons""}]"
33.98,WATCH,team astro,4663,RBH,HOP,0x471ce4b9255E0dC19aa0480CEFf523Be0da3339d,HP,0x0c54421BD4138A0Cd8D6a0534e22Ff0aAe8CDCCb,4663,RBH,"[{""anchor_value"": ""0.0000"", ""contribution"": 0.22, ""feature"": ""priority_gwei"", ""proximity"": 1.0, ""reliability"": 0.22, ""type"": ""numeric"", ""value"": ""0.0000 (ref: 0.0000)""}, {""anchor_value"": ""434d13e2"", ""contribution"": 0.08, ""feature"": ""method_selector"", ""proximity"": 1.0, ""reliability"": 0.08, ""type"": ""categorical"", ""value"": ""434d13e2""}, {""anchor_value"": ""pons"", ""contribution"": 0.08, ""feature"": ""launchpad"", ""proximity"": 1.0, ""reliability"": 0.08, ""type"": ""categorical"", ""value"": ""pons""}]"
33.98,WATCH,team astro,4663,RBH,ISWC,0xEE544558a8FfF523a065eAA8a5c099209B883BA1,ARTCAT,0x5861EaAd052Ce737B2a522f80494455BBA047ff6,4663,RBH,"[{""anchor_value"": ""0.1005"", ""contribution"": 0.22, ""feature"": ""value_eth"", ""proximity"": 1.0, ""reliability"": 0.22, ""type"": ""numeric"", ""value"": ""0.1005 (ref: 0.1005)""}, {""anchor_value"": ""434d13e2"", ""contribution"": 0.08, ""feature"": ""method_selector"", ""proximity"": 1.0, ""reliability"": 0.08, ""type"": ""categorical"", ""value"": ""434d13e2""}, {""anchor_value"": ""pons"", ""contribution"": 0.08, ""feature"": ""launchpad"", ""proximity"": 1.0, ""reliability"": 0.08, ""type"": ""categorical"", ""value"": ""pons""}]"
33.98,WATCH,team astro,4663,RBH,PAID,0xE4F9c8F83703c85D894326D256f2F660Cc41615d,HP,0x0c54421BD4138A0Cd8D6a0534e22Ff0aAe8CDCCb,4663,RBH,"[{""anchor_value"": ""0.0000"", ""contribution"": 0.22, ""feature"": ""priority_gwei"", ""proximity"": 1.0, ""reliability"": 0.22, ""type"": ""numeric"", ""value"": ""0.0000 (ref: 0.0000)""}, {""anchor_value"": ""434d13e2"", ""contribution"": 0.08, ""feature"": ""method_selector"", ""proximity"": 1.0, ""reliability"": 0.08, ""type"": ""categorical"", ""value"": ""434d13e2""}, {""anchor_value"": ""pons"", ""contribution"": 0.08, ""feature"": ""launchpad"", ""proximity"": 1.0, ""reliability"": 0.08, ""type"": ""categorical"", ""value"": ""pons""}]"
33.98,WATCH,team astro,4663,RBH,Prestocks,0xD94c99E136A437E3dA04b349E2c273f6d4A95C74,HABITS,0x85BD531bA0787D14fF20aa5a3d49E0E44Ac9650C,4663,RBH,"[{""anchor_value"": ""0.0205"", ""contribution"": 0.22, ""feature"": ""value_eth"", ""proximity"": 1.0, ""reliability"": 0.22, ""type"": ""numeric"", ""value"": ""0.0205 (ref: 0.0205)""}, {""anchor_value"": ""434d13e2"", ""contribution"": 0.08, ""feature"": ""method_selector"", ""proximity"": 1.0, ""reliability"": 0.08, ""type"": ""categorical"", ""value"": ""434d13e2""}, {""anchor_value"": ""pons"", ""contribution"": 0.08, ""feature"": ""launchpad"", ""proximity"": 1.0, ""reliability"": 0.08, ""type"": ""categorical"", ""value"": ""pons""}]"
33.98,WATCH,team astro,4663,RBH,ROBBIN,0x4c04014F60aF5dA0985041ad3dF1Fd4163FB6F60,HP,0x0c54421BD4138A0Cd8D6a0534e22Ff0aAe8CDCCb,4663,RBH,"[{""anchor_value"": ""0.0000"", ""contribution"": 0.22, ""feature"": ""priority_gwei"", ""proximity"": 1.0, ""reliability"": 0.22, ""type"": ""numeric"", ""value"": ""0.0000 (ref: 0.0000)""}, {""anchor_value"": ""434d13e2"", ""contribution"": 0.08, ""feature"": ""method_selector"", ""proximity"": 1.0, ""reliability"": 0.08, ""type"": ""categorical"", ""value"": ""434d13e2""}, {""anchor_value"": ""pons"", ""contribution"": 0.08, ""feature"": ""launchpad"", ""proximity"": 1.0, ""reliability"": 0.08, ""type"": ""categorical"", ""value"": ""pons""}]"
33.98,WATCH,team astro,4663,RBH,Relay,0x7ab99d14d34cCdaAA0289bA46Cb2A4Ae5096B63d,VLAD,0xd7Bac75b4455664078C78389f432F6837C814f2b,4663,RBH,"[{""anchor_value"": ""8"", ""contribution"": 0.22, ""feature"": ""nonce"", ""proximity"": 1.0, ""reliability"": 0.22, ""type"": ""numeric"", ""value"": ""8""}, {""anchor_value"": ""434d13e2"", ""contribution"": 0.08, ""feature"": ""method_selector"", ""proximity"": 1.0, ""reliability"": 0.08, ""type"": ""categorical"", ""value"": ""434d13e2""}, {""anchor_value"": ""pons"", ""contribution"": 0.08, ""feature"": ""launchpad"", ""proximity"": 1.0, ""reliability"": 0.08, ""type"": ""categorical"", ""value"": ""pons""}]"
33.98,WATCH,team astro,4663,RBH,SCAN,0x8bC3CEF1a8b35c420e933602CD4F650ebB0760bc,HABITS,0x85BD531bA0787D14fF20aa5a3d49E0E44Ac9650C,4663,RBH,"[{""anchor_value"": ""0.0205"", ""contribution"": 0.22, ""feature"": ""value_eth"", ""proximity"": 1.0, ""reliability"": 0.22, ""type"": ""numeric"", ""value"": ""0.0205 (ref: 0.0205)""}, {""anchor_value"": ""434d13e2"", ""contribution"": 0.08, ""feature"": ""method_selector"", ""proximity"": 1.0, ""reliability"": 0.08, ""type"": ""categorical"", ""value"": ""434d13e2""}, {""anchor_value"": ""pons"", ""contribution"": 0.08, ""feature"": ""launchpad"", ""proximity"": 1.0, ""reliability"": 0.08, ""type"": ""categorical"", ""value"": ""pons""}]"
33.98,WATCH,team astro,4663,RBH,STONKHOUSE,0xc2525b7c68b6d66dE5AABFEDC7B13314F389D5C4,UNITYPAD,0xF06e9aE646AD8577fecaeC761ad224865603679A,4663,RBH,"[{""anchor_value"": ""0.0505"", ""contribution"": 0.22, ""feature"": ""value_eth"", ""proximity"": 1.0, ""reliability"": 0.22, ""type"": ""numeric"", ""value"": ""0.0505 (ref: 0.0505)""}, {""anchor_value"": ""434d13e2"", ""contribution"": 0.08, ""feature"": ""method_selector"", ""proximity"": 1.0, ""reliability"": 0.08, ""type"": ""categorical"", ""value"": ""434d13e2""}, {""anchor_value"": ""pons"", ""contribution"": 0.08, ""feature"": ""launchpad"", ""proximity"": 1.0, ""reliability"": 0.08, ""type"": ""categorical"", ""value"": ""pons""}]"
33.98,WATCH,team astro,4663,RBH,ZOOP,0xFe031E9bb2cf19F84d1c92596EfF1CdF6Af931F4,HABITS,0x85BD531bA0787D14fF20aa5a3d49E0E44Ac9650C,4663,RBH,"[{""anchor_value"": ""0.0000"", ""contribution"": 0.22, ""feature"": ""priority_gwei"", ""proximity"": 1.0, ""reliability"": 0.22, ""type"": ""numeric"", ""value"": ""0.0000 (ref: 0.0000)""}, {""anchor_value"": ""434d13e2"", ""contribution"": 0.08, ""feature"": ""method_selector"", ""proximity"": 1.0, ""reliability"": 0.08, ""type"": ""categorical"", ""value"": ""434d13e2""}, {""anchor_value"": ""pons"", ""contribution"": 0.08, ""feature"": ""launchpad"", ""proximity"": 1.0, ""reliability"": 0.08, ""type"": ""categorical"", ""value"": ""pons""}]"
33.97,WATCH,team nchip,4663,RBH,ARCX,0x2ef6D1cc1b424c5393b7039F26FCd012b517f08b,$SPY,0x0c68aB86F630ACe540205b3fDDbe4b96058fA888,4663,RBH,"[{""anchor_value"": ""0.2278"", ""contribution"": 0.1732, ""feature"": ""max_gwei"", ""proximity"": 0.29, ""reliability"": 0.22, ""type"": ""numeric"", ""value"": ""0.2035 (ref: 0.2278)""}, {""anchor_value"": ""1"", ""contribution"": 0.132, ""feature"": ""nonce"", ""proximity"": 0.6, ""reliability"": 0.22, ""type"": ""numeric"", ""value"": ""2""}, {""anchor_value"": ""pons"", ""contribution"": 0.08, ""feature"": ""launchpad"", ""proximity"": 1.0, ""reliability"": 0.08, ""type"": ""categorical"", ""value"": ""pons""}]"
33.93,WATCH,team astro,4663,RBH,FOSSIL,0xAFbdf80d8455cEddDd7635590C61c4F6Bf6010a2,SOUP,0x0E3c3420dA3EF7Ee6aAD373dd2cdD968f57A0788,4663,RBH,"[{""anchor_value"": ""1.0358"", ""contribution"": 0.2194, ""feature"": ""fund_amount"", ""proximity"": 0.99, ""reliability"": 0.22, ""type"": ""numeric"", ""value"": ""1.0343 (ref: 1.0358)""}, {""anchor_value"": ""434d13e2"", ""contribution"": 0.08, ""feature"": ""method_selector"", ""proximity"": 1.0, ""reliability"": 0.08, ""type"": ""categorical"", ""value"": ""434d13e2""}, {""anchor_value"": ""pons"", ""contribution"": 0.08, ""feature"": ""launchpad"", ""proximity"": 1.0, ""reliability"": 0.08, ""type"": ""categorical"", ""value"": ""pons""}]"
33.75,WATCH,team astro,4663,RBH,STEIN,0xA2729F032CB417Df436c8e242693d096B8d40071,DARIOO,0x22d047da13997E384Abc2F390Bc9495D7Ac54b7d,4663,RBH,"[{""anchor_value"": ""0.1934"", ""contribution"": 0.2173, ""feature"": ""max_gwei"", ""proximity"": 0.96, ""reliability"": 0.22, ""type"": ""numeric"", ""value"": ""0.1923 (ref: 0.1934)""}, {""anchor_value"": ""434d13e2"", ""contribution"": 0.08, ""feature"": ""method_selector"", ""proximity"": 1.0, ""reliability"": 0.08, ""type"": ""categorical"", ""value"": ""434d13e2""}, {""anchor_value"": ""pons"", ""contribution"": 0.08, ""feature"": ""launchpad"", ""proximity"": 1.0, ""reliability"": 0.08, ""type"": ""categorical"", ""value"": ""pons""}]"
33.61,WATCH,team astro,4663,RBH,$FUN,0x3731dDC63193a467bb787dca468eDB6C4d288e6e,ROYALE,0xd7Bd847e838aBe9544B6414FA6EFCB0748a58532,4663,RBH,"[{""anchor_value"": ""0.1982"", ""contribution"": 0.2157, ""feature"": ""max_gwei"", ""proximity"": 0.93, ""reliability"": 0.22, ""type"": ""numeric"", ""value"": ""0.2001 (ref: 0.1982)""}, {""anchor_value"": ""434d13e2"", ""contribution"": 0.08, ""feature"": ""method_selector"", ""proximity"": 1.0, ""reliability"": 0.08, ""type"": ""categorical"", ""value"": ""434d13e2""}, {""anchor_value"": ""pons"", ""contribution"": 0.08, ""feature"": ""launchpad"", ""proximity"": 1.0, ""reliability"": 0.08, ""type"": ""categorical"", ""value"": ""pons""}]"
33.58,WATCH,team astro,4663,RBH,HW,0x946bC42AE24Ee1e1Aa69CF96dA5Dd1D2D41fc4C8,CLAWNCH,0x6a50F139F3eD4C9c7bDa0D067c5Ed09De1EEBbeA,4663,RBH,"[{""anchor_value"": ""0.1728"", ""contribution"": 0.2153, ""feature"": ""gwei"", ""proximity"": 0.93, ""reliability"": 0.22, ""type"": ""numeric"", ""value"": ""0.1746 (ref: 0.1728)""}, {""anchor_value"": ""434d13e2"", ""contribution"": 0.08, ""feature"": ""method_selector"", ""proximity"": 1.0, ""reliability"": 0.08, ""type"": ""categorical"", ""value"": ""434d13e2""}, {""anchor_value"": ""pons"", ""contribution"": 0.08, ""feature"": ""launchpad"", ""proximity"": 1.0, ""reliability"": 0.08, ""type"": ""categorical"", ""value"": ""pons""}]"
33.43,WATCH,team astro,4663,RBH,FLYER,0x6F0a83c01d7a866b0948257cB6045846384559F8,INLEX,0xCF32b9c1104C14e05a5B17a78618cbD70Bf42091,4663,RBH,"[{""anchor_value"": ""0.1485"", ""contribution"": 0.2135, ""feature"": ""max_gwei"", ""proximity"": 0.9, ""reliability"": 0.22, ""type"": ""numeric"", ""value"": ""0.1507 (ref: 0.1485)""}, {""anchor_value"": ""434d13e2"", ""contribution"": 0.08, ""feature"": ""method_selector"", ""proximity"": 1.0, ""reliability"": 0.08, ""type"": ""categorical"", ""value"": ""434d13e2""}, {""anchor_value"": ""pons"", ""contribution"": 0.08, ""feature"": ""launchpad"", ""proximity"": 1.0, ""reliability"": 0.08, ""type"": ""categorical"", ""value"": ""pons""}]"
33.11,WATCH,team astro,4663,RBH,DARK,0x073407b2ba247E88A3183849ec2817512171d7EF,DARIOO,0x22d047da13997E384Abc2F390Bc9495D7Ac54b7d,4663,RBH,"[{""anchor_value"": ""0.1934"", ""contribution"": 0.2097, ""feature"": ""max_gwei"", ""proximity"": 0.84, ""reliability"": 0.22, ""type"": ""numeric"", ""value"": ""0.1889 (ref: 0.1934)""}, {""anchor_value"": ""434d13e2"", ""contribution"": 0.08, ""feature"": ""method_selector"", ""proximity"": 1.0, ""reliability"": 0.08, ""type"": ""categorical"", ""value"": ""434d13e2""}, {""anchor_value"": ""pons"", ""contribution"": 0.08, ""feature"": ""launchpad"", ""proximity"": 1.0, ""reliability"": 0.08, ""type"": ""categorical"", ""value"": ""pons""}]"
32.85,WATCH,team astro,4663,RBH,STYXX,0xC750bcdAe34cC578Ff17963bed40C5d9396fdC5D,ROYALE,0xd7Bd847e838aBe9544B6414FA6EFCB0748a58532,4663,RBH,"[{""anchor_value"": ""0.1982"", ""contribution"": 0.2066, ""feature"": ""max_gwei"", ""proximity"": 0.8, ""reliability"": 0.22, ""type"": ""numeric"", ""value"": ""0.2044 (ref: 0.1982)""}, {""anchor_value"": ""434d13e2"", ""contribution"": 0.08, ""feature"": ""method_selector"", ""proximity"": 1.0, ""reliability"": 0.08, ""type"": ""categorical"", ""value"": ""434d13e2""}, {""anchor_value"": ""pons"", ""contribution"": 0.08, ""feature"": ""launchpad"", ""proximity"": 1.0, ""reliability"": 0.08, ""type"": ""categorical"", ""value"": ""pons""}]"
32.64,WATCH,team astro,4663,RBH,HOODTARD,0xfb6d8Fe6Fb1aDDaD1FA17262cE054723e454A18b,HABITS,0x85BD531bA0787D14fF20aa5a3d49E0E44Ac9650C,4663,RBH,"[{""anchor_value"": ""0.0205"", ""contribution"": 0.2042, ""feature"": ""value_eth"", ""proximity"": 0.76, ""reliability"": 0.22, ""type"": ""numeric"", ""value"": ""0.0198 (ref: 0.0205)""}, {""anchor_value"": ""434d13e2"", ""contribution"": 0.08, ""feature"": ""method_selector"", ""proximity"": 1.0, ""reliability"": 0.08, ""type"": ""categorical"", ""value"": ""434d13e2""}, {""anchor_value"": ""pons"", ""contribution"": 0.08, ""feature"": ""launchpad"", ""proximity"": 1.0, ""reliability"": 0.08, ""type"": ""categorical"", ""value"": ""pons""}]"
32.52,WATCH,team astro,4663,RBH,SHWD,0x89Dcdd21657488fA155bA1Bf9C20da390578DFaD,ROYALE,0xd7Bd847e838aBe9544B6414FA6EFCB0748a58532,4663,RBH,"[{""anchor_value"": ""0.1982"", ""contribution"": 0.2027, ""feature"": ""max_gwei"", ""proximity"": 0.74, ""reliability"": 0.22, ""type"": ""numeric"", ""value"": ""0.2063 (ref: 0.1982)""}, {""anchor_value"": ""434d13e2"", ""contribution"": 0.08, ""feature"": ""method_selector"", ""proximity"": 1.0, ""reliability"": 0.08, ""type"": ""categorical"", ""value"": ""434d13e2""}, {""anchor_value"": ""pons"", ""contribution"": 0.08, ""feature"": ""launchpad"", ""proximity"": 1.0, ""reliability"": 0.08, ""type"": ""categorical"", ""value"": ""pons""}]"
31.79,WATCH,team astro,4663,RBH,morti,0xD5b6B1BBbfac8004248B623CD7ec13a867CE76f4,UNITYPAD,0xF06e9aE646AD8577fecaeC761ad224865603679A,4663,RBH,"[{""anchor_value"": ""0.0505"", ""contribution"": 0.1941, ""feature"": ""value_eth"", ""proximity"": 0.61, ""reliability"": 0.22, ""type"": ""numeric"", ""value"": ""0.0537 (ref: 0.0505)""}, {""anchor_value"": ""434d13e2"", ""contribution"": 0.08, ""feature"": ""method_selector"", ""proximity"": 1.0, ""reliability"": 0.08, ""type"": ""categorical"", ""value"": ""434d13e2""}, {""anchor_value"": ""pons"", ""contribution"": 0.08, ""feature"": ""launchpad"", ""proximity"": 1.0, ""reliability"": 0.08, ""type"": ""categorical"", ""value"": ""pons""}]"
31.52,WATCH,team astro,4663,RBH,CLAIMED,0x22525684ac6822B13e88B88B4E7B5b81c920D4c2,UNITYPAD,0xF06e9aE646AD8577fecaeC761ad224865603679A,4663,RBH,"[{""anchor_value"": ""0.0505"", ""contribution"": 0.191, ""feature"": ""value_eth"", ""proximity"": 0.56, ""reliability"": 0.22, ""type"": ""numeric"", ""value"": ""0.0541 (ref: 0.0505)""}, {""anchor_value"": ""434d13e2"", ""contribution"": 0.08, ""feature"": ""method_selector"", ""proximity"": 1.0, ""reliability"": 0.08, ""type"": ""categorical"", ""value"": ""434d13e2""}, {""anchor_value"": ""pons"", ""contribution"": 0.08, ""feature"": ""launchpad"", ""proximity"": 1.0, ""reliability"": 0.08, ""type"": ""categorical"", ""value"": ""pons""}]"
30.8,WATCH,team astro,4663,RBH,HUNT,0xaF6BD6c1CB14Bf4EEC104e9110557134c1cdfEc9,INLEX,0xCF32b9c1104C14e05a5B17a78618cbD70Bf42091,4663,RBH,"[{""anchor_value"": ""0.1485"", ""contribution"": 0.1824, ""feature"": ""max_gwei"", ""proximity"": 0.43, ""reliability"": 0.22, ""type"": ""numeric"", ""value"": ""0.1358 (ref: 0.1485)""}, {""anchor_value"": ""434d13e2"", ""contribution"": 0.08, ""feature"": ""method_selector"", ""proximity"": 1.0, ""reliability"": 0.08, ""type"": ""categorical"", ""value"": ""434d13e2""}, {""anchor_value"": ""pons"", ""contribution"": 0.08, ""feature"": ""launchpad"", ""proximity"": 1.0, ""reliability"": 0.08, ""type"": ""categorical"", ""value"": ""pons""}]"
30.78,WATCH,team astro,4663,RBH,underhood,0x8e391E95463d7d4eEc93C34507781A317b4C0aE2,INLEX,0xCF32b9c1104C14e05a5B17a78618cbD70Bf42091,4663,RBH,"[{""anchor_value"": ""0.1485"", ""contribution"": 0.1822, ""feature"": ""max_gwei"", ""proximity"": 0.43, ""reliability"": 0.22, ""type"": ""numeric"", ""value"": ""0.1358 (ref: 0.1485)""}, {""anchor_value"": ""434d13e2"", ""contribution"": 0.08, ""feature"": ""method_selector"", ""proximity"": 1.0, ""reliability"": 0.08, ""type"": ""categorical"", ""value"": ""434d13e2""}, {""anchor_value"": ""pons"", ""contribution"": 0.08, ""feature"": ""launchpad"", ""proximity"": 1.0, ""reliability"": 0.08, ""type"": ""categorical"", ""value"": ""pons""}]"
30.73,WATCH,team astro,4663,RBH,LIQUORA,0x6a73F76BE6da715150a023C1C36180B4dccF0D06,INLEX,0xCF32b9c1104C14e05a5B17a78618cbD70Bf42091,4663,RBH,"[{""anchor_value"": ""0.1485"", ""contribution"": 0.1816, ""feature"": ""max_gwei"", ""proximity"": 0.42, ""reliability"": 0.22, ""type"": ""numeric"", ""value"": ""0.1356 (ref: 0.1485)""}, {""anchor_value"": ""434d13e2"", ""contribution"": 0.08, ""feature"": ""method_selector"", ""proximity"": 1.0, ""reliability"": 0.08, ""type"": ""categorical"", ""value"": ""434d13e2""}, {""anchor_value"": ""pons"", ""contribution"": 0.08, ""feature"": ""launchpad"", ""proximity"": 1.0, ""reliability"": 0.08, ""type"": ""categorical"", ""value"": ""pons""}]"
30.7,WATCH,team astro,4663,RBH,CUDA,0xC6494fC80d40DCF96BCb4677E262abd99E45B78D,ARTCAT,0x5861EaAd052Ce737B2a522f80494455BBA047ff6,4663,RBH,"[{""anchor_value"": ""0.1005"", ""contribution"": 0.1813, ""feature"": ""value_eth"", ""proximity"": 0.41, ""reliability"": 0.22, ""type"": ""numeric"", ""value"": ""0.0917 (ref: 0.1005)""}, {""anchor_value"": ""434d13e2"", ""contribution"": 0.08, ""feature"": ""method_selector"", ""proximity"": 1.0, ""reliability"": 0.08, ""type"": ""categorical"", ""value"": ""434d13e2""}, {""anchor_value"": ""pons"", ""contribution"": 0.08, ""feature"": ""launchpad"", ""proximity"": 1.0, ""reliability"": 0.08, ""type"": ""categorical"", ""value"": ""pons""}]"
30.63,WATCH,team astro,4663,RBH,GG,0x2205c2232914f3A962fB25EdA51f2d063Dc9E532,INLEX,0xCF32b9c1104C14e05a5B17a78618cbD70Bf42091,4663,RBH,"[{""anchor_value"": ""0.1485"", ""contribution"": 0.1804, ""feature"": ""max_gwei"", ""proximity"": 0.4, ""reliability"": 0.22, ""type"": ""numeric"", ""value"": ""0.1352 (ref: 0.1485)""}, {""anchor_value"": ""434d13e2"", ""contribution"": 0.08, ""feature"": ""method_selector"", ""proximity"": 1.0, ""reliability"": 0.08, ""type"": ""categorical"", ""value"": ""434d13e2""}, {""anchor_value"": ""pons"", ""contribution"": 0.08, ""feature"": ""launchpad"", ""proximity"": 1.0, ""reliability"": 0.08, ""type"": ""categorical"", ""value"": ""pons""}]"
29.62,WEAK,team astro,4663,RBH,FLYBLOCKS,0xC0C0E37b6c72aBCCCBf784C890acd7A42b5DC2c1,INLEX,0xCF32b9c1104C14e05a5B17a78618cbD70Bf42091,4663,RBH,"[{""anchor_value"": ""0.1485"", ""contribution"": 0.1685, ""feature"": ""max_gwei"", ""proximity"": 0.22, ""reliability"": 0.22, ""type"": ""numeric"", ""value"": ""0.1311 (ref: 0.1485)""}, {""anchor_value"": ""434d13e2"", ""contribution"": 0.08, ""feature"": ""method_selector"", ""proximity"": 1.0, ""reliability"": 0.08, ""type"": ""categorical"", ""value"": ""434d13e2""}, {""anchor_value"": ""pons"", ""contribution"": 0.08, ""feature"": ""launchpad"", ""proximity"": 1.0, ""reliability"": 0.08, ""type"": ""categorical"", ""value"": ""pons""}]"
28.24,WEAK,team astro,4663,RBH,BUCKAZOID,0x232A0614bf27D0163cA73FA14772f420dE3E0041,CEREBRO,0xEb24a2663af4Ee979dCbfE39cB95B5F12D369c4B,4663,RBH,"[{""anchor_value"": ""1"", ""contribution"": 0.22, ""feature"": ""nonce"", ""proximity"": 1.0, ""reliability"": 0.22, ""type"": ""numeric"", ""value"": ""1""}, {""anchor_value"": ""pons"", ""contribution"": 0.08, ""feature"": ""launchpad"", ""proximity"": 1.0, ""reliability"": 0.08, ""type"": ""categorical"", ""value"": ""pons""}]"
28.24,WEAK,team astro,4663,RBH,CASHCAT,0x020bfC650A365f8BB26819deAAbF3E21291018b4,HABITS,0x85BD531bA0787D14fF20aa5a3d49E0E44Ac9650C,4663,RBH,"[{""anchor_value"": ""0.0205"", ""contribution"": 0.22, ""feature"": ""value_eth"", ""proximity"": 1.0, ""reliability"": 0.22, ""type"": ""numeric"", ""value"": ""0.0205 (ref: 0.0205)""}, {""anchor_value"": ""pons"", ""contribution"": 0.08, ""feature"": ""launchpad"", ""proximity"": 1.0, ""reliability"": 0.08, ""type"": ""categorical"", ""value"": ""pons""}]"
28.24,WEAK,unclustered,4663,RBH,GLDSTN,0xfCE34D21A92069100E3226638140706cF03a266E,NYSE,0x34c65Bd35D0a081B3A2dEE84856ddDd8fD00E69e,4663,RBH,"[{""anchor_value"": ""0.0000"", ""contribution"": 0.22, ""feature"": ""priority_gwei"", ""proximity"": 1.0, ""reliability"": 0.22, ""type"": ""numeric"", ""value"": ""0.0000 (ref: 0.0000)""}, {""anchor_value"": ""pons"", ""contribution"": 0.08, ""feature"": ""launchpad"", ""proximity"": 1.0, ""reliability"": 0.08, ""type"": ""categorical"", ""value"": ""pons""}]"
28.24,WEAK,team nchip,4663,RBH,HOP,0x8aa55FB0E7C0f0Ff5039d023095efb30eC9dD548,$SPY,0x0c68aB86F630ACe540205b3fDDbe4b96058fA888,4663,RBH,"[{""anchor_value"": ""1.0000"", ""contribution"": 0.22, ""feature"": ""value_eth"", ""proximity"": 1.0, ""reliability"": 0.22, ""type"": ""numeric"", ""value"": ""1.0000 (ref: 1.0000)""}, {""anchor_value"": ""pons"", ""contribution"": 0.08, ""feature"": ""launchpad"", ""proximity"": 1.0, ""reliability"": 0.08, ""type"": ""categorical"", ""value"": ""pons""}]"
28.24,WEAK,unclustered,4663,RBH,LOOT,0xbEF83DA2237be439d0BE0b50d452b89A6968B112,NYSE,0x34c65Bd35D0a081B3A2dEE84856ddDd8fD00E69e,4663,RBH,"[{""anchor_value"": ""0.0000"", ""contribution"": 0.22, ""feature"": ""priority_gwei"", ""proximity"": 1.0, ""reliability"": 0.22, ""type"": ""numeric"", ""value"": ""0.0000 (ref: 0.0000)""}, {""anchor_value"": ""pons"", ""contribution"": 0.08, ""feature"": ""launchpad"", ""proximity"": 1.0, ""reliability"": 0.08, ""type"": ""categorical"", ""value"": ""pons""}]"
28.24,WEAK,team astro,4663,RBH,MINR,0x9fB69d90B0D29eE9D52f72261F6c6a9C5FF4aD3E,CEREBRO,0xEb24a2663af4Ee979dCbfE39cB95B5F12D369c4B,4663,RBH,"[{""anchor_value"": ""1"", ""contribution"": 0.22, ""feature"": ""nonce"", ""proximity"": 1.0, ""reliability"": 0.22, ""type"": ""numeric"", ""value"": ""1""}, {""anchor_value"": ""pons"", ""contribution"": 0.08, ""feature"": ""launchpad"", ""proximity"": 1.0, ""reliability"": 0.08, ""type"": ""categorical"", ""value"": ""pons""}]"
28.24,WEAK,team astro,4663,RBH,MUSEBOOK,0x3B16959A2A2Ee60d26fbbadad74628aa6f6B97b4,CEREBRO,0xEb24a2663af4Ee979dCbfE39cB95B5F12D369c4B,4663,RBH,"[{""anchor_value"": ""1"", ""contribution"": 0.22, ""feature"": ""nonce"", ""proximity"": 1.0, ""reliability"": 0.22, ""type"": ""numeric"", ""value"": ""1""}, {""anchor_value"": ""pons"", ""contribution"": 0.08, ""feature"": ""launchpad"", ""proximity"": 1.0, ""reliability"": 0.08, ""type"": ""categorical"", ""value"": ""pons""}]"
28.24,WEAK,team astro,4663,RBH,WALLET,0x0339f5459FC690aC85F1782e15782A151b4A9E1b,CLAWNCH,0x6a50F139F3eD4C9c7bDa0D067c5Ed09De1EEBbeA,4663,RBH,"[{""anchor_value"": ""0.0005"", ""contribution"": 0.22, ""feature"": ""value_eth"", ""proximity"": 1.0, ""reliability"": 0.22, ""type"": ""numeric"", ""value"": ""0.0005 (ref: 0.0005)""}, {""anchor_value"": ""pons"", ""contribution"": 0.08, ""feature"": ""launchpad"", ""proximity"": 1.0, ""reliability"": 0.08, ""type"": ""categorical"", ""value"": ""pons""}]"
28.24,WEAK,team nchip,4663,RBH,musebook,0x7c5F2735ce8652F412605778C63eb6fb7702a77D,$SPY,0x0c68aB86F630ACe540205b3fDDbe4b96058fA888,4663,RBH,"[{""anchor_value"": ""1.0000"", ""contribution"": 0.22, ""feature"": ""value_eth"", ""proximity"": 1.0, ""reliability"": 0.22, ""type"": ""numeric"", ""value"": ""1.0000 (ref: 1.0000)""}, {""anchor_value"": ""pons"", ""contribution"": 0.08, ""feature"": ""launchpad"", ""proximity"": 1.0, ""reliability"": 0.08, ""type"": ""categorical"", ""value"": ""pons""}]"
28.19,WEAK,unclustered,4663,RBH,BUN,0x07EBB29a38Fbcb41563817e5E19f2ceC619C90D2,GI,0x8EfD3bBD9A94D11AE654B72804A04f6A805c80f7,4663,RBH,"[{""anchor_value"": ""1.6486"", ""contribution"": 0.2194, ""feature"": ""gwei"", ""proximity"": 0.99, ""reliability"": 0.22, ""type"": ""numeric"", ""value"": ""1.6507 (ref: 1.6486)""}, {""anchor_value"": ""pons"", ""contribution"": 0.08, ""feature"": ""launchpad"", ""proximity"": 1.0, ""reliability"": 0.08, ""type"": ""categorical"", ""value"": ""pons""}]"
28.0,WEAK,unclustered,4663,RBH,SZN,0xDddDD41F2Eb2949dA51E6A91aB1c96af44106CEA,FLOOR,0xB98bF424fA411057500f737FdB773Ed874c98312,4663,RBH,"[{""anchor_value"": ""0.1605"", ""contribution"": 0.2174, ""feature"": ""max_gwei"", ""proximity"": 0.96, ""reliability"": 0.22, ""type"": ""numeric"", ""value"": ""0.1595 (ref: 0.1605)""}, {""anchor_value"": ""pons"", ""contribution"": 0.08, ""feature"": ""launchpad"", ""proximity"": 1.0, ""reliability"": 0.08, ""type"": ""categorical"", ""value"": ""pons""}]"
27.77,WEAK,team astro,4663,RBH,ARCL,0x9D180C01929F2F903C18AAbF47886B1f9F93Cc59,DARIOO,0x22d047da13997E384Abc2F390Bc9495D7Ac54b7d,4663,RBH,"[{""anchor_value"": ""0.1934"", ""contribution"": 0.2148, ""feature"": ""max_gwei"", ""proximity"": 0.92, ""reliability"": 0.22, ""type"": ""numeric"", ""value"": ""0.1912 (ref: 0.1934)""}, {""anchor_value"": ""pons"", ""contribution"": 0.08, ""feature"": ""launchpad"", ""proximity"": 1.0, ""reliability"": 0.08, ""type"": ""categorical"", ""value"": ""pons""}]"
27.72,WEAK,team gigalon,4663,RBH,999,0xcE3Fbb839A5D1b39fc412d990459a3f642e2674e,gigalon,0x7190Cb95dead29359eB9050f03Ce6bffBf2915c0,4663,RBH,"[{""anchor_value"": ""0.1639"", ""contribution"": 0.2143, ""feature"": ""max_gwei"", ""proximity"": 0.91, ""reliability"": 0.22, ""type"": ""numeric"", ""value"": ""0.1660 (ref: 0.1639)""}, {""anchor_value"": ""pons"", ""contribution"": 0.08, ""feature"": ""launchpad"", ""proximity"": 1.0, ""reliability"": 0.08, ""type"": ""categorical"", ""value"": ""pons""}]"
27.68,WEAK,unclustered,4663,RBH,ASTRADE,0x5445fA2A8d30F22c569eAA0ea98e71e86E4BBC43,GME,0xc2362AfF2A2a4CC1f48cF3Dab2C4e2605eb94BA3,4663,RBH,"[{""anchor_value"": ""0.1206"", ""contribution"": 0.2139, ""feature"": ""max_gwei"", ""proximity"": 0.91, ""reliability"": 0.22, ""type"": ""numeric"", ""value"": ""0.1223 (ref: 0.1206)""}, {""anchor_value"": ""pons"", ""contribution"": 0.08, ""feature"": ""launchpad"", ""proximity"": 1.0, ""reliability"": 0.08, ""type"": ""categorical"", ""value"": ""pons""}]"
27.58,WEAK,team astro,4663,RBH,HOOKR,0x18E674231A58c239Dc7DaeDcffE15Ec3A24cff5c,ROYALE,0xd7Bd847e838aBe9544B6414FA6EFCB0748a58532,4663,RBH,"[{""anchor_value"": ""0.0000"", ""contribution"": 0.2128, ""feature"": ""fund_amount"", ""proximity"": 0.89, ""reliability"": 0.22, ""type"": ""numeric"", ""value"": ""0.0000 (ref: 0.0000)""}, {""anchor_value"": ""pons"", ""contribution"": 0.08, ""feature"": ""launchpad"", ""proximity"": 1.0, ""reliability"": 0.08, ""type"": ""categorical"", ""value"": ""pons""}]"
27.54,WEAK,team astro,4663,RBH,APAD,0xc5cC2FFba89F7d7bec2c4A0eeAf9aF8368820810,ROYALE,0xd7Bd847e838aBe9544B6414FA6EFCB0748a58532,4663,RBH,"[{""anchor_value"": ""0.1982"", ""contribution"": 0.2124, ""feature"": ""max_gwei"", ""proximity"": 0.88, ""reliability"": 0.22, ""type"": ""numeric"", ""value"": ""0.2017 (ref: 0.1982)""}, {""anchor_value"": ""pons"", ""contribution"": 0.08, ""feature"": ""launchpad"", ""proximity"": 1.0, ""reliability"": 0.08, ""type"": ""categorical"", ""value"": ""pons""}]"
27.5,WEAK,team astro,4663,RBH,ZC,0xd855f585bB57aEE8bf1723BE5260736951F353aA,INLEX,0xCF32b9c1104C14e05a5B17a78618cbD70Bf42091,4663,RBH,"[{""anchor_value"": ""0.1485"", ""contribution"": 0.212, ""feature"": ""max_gwei"", ""proximity"": 0.88, ""reliability"": 0.22, ""type"": ""numeric"", ""value"": ""0.1513 (ref: 0.1485)""}, {""anchor_value"": ""pons"", ""contribution"": 0.08, ""feature"": ""launchpad"", ""proximity"": 1.0, ""reliability"": 0.08, ""type"": ""categorical"", ""value"": ""pons""}]"
27.34,WEAK,team gigalon,4663,RBH,富贵,0xcEEBF25B318201f1F949be2FabBFcEe231737139,gigalon,0x7190Cb95dead29359eB9050f03Ce6bffBf2915c0,4663,RBH,"[{""anchor_value"": ""0.1639"", ""contribution"": 0.2102, ""feature"": ""max_gwei"", ""proximity"": 0.85, ""reliability"": 0.22, ""type"": ""numeric"", ""value"": ""0.1676 (ref: 0.1639)""}, {""anchor_value"": ""pons"", ""contribution"": 0.08, ""feature"": ""launchpad"", ""proximity"": 1.0, ""reliability"": 0.08, ""type"": ""categorical"", ""value"": ""pons""}]"
27.17,WEAK,team intel,4663,RBH,WASH,0x1b8A598A3cBc9EA2F256ff139DB839f9A70C97b9,INTEL,0xE331eEdb3Bc25830e61b0b4835eB110cFb6288C8,4663,RBH,"[{""anchor_value"": ""0.1359"", ""contribution"": 0.2084, ""feature"": ""max_gwei"", ""proximity"": 0.82, ""reliability"": 0.22, ""type"": ""numeric"", ""value"": ""0.1323 (ref: 0.1359)""}, {""anchor_value"": ""pons"", ""contribution"": 0.08, ""feature"": ""launchpad"", ""proximity"": 1.0, ""reliability"": 0.08, ""type"": ""categorical"", ""value"": ""pons""}]"
26.74,WEAK,team astro,4663,RBH,PCC,0xBF3e53713a53E9C3d5d1dDc25dd2C65669244663,POLI,0x44A9DF2b5d5873029c45926a6642b2dc92f127Dd,4663,RBH,"[{""anchor_value"": ""0.0317"", ""contribution"": 0.2037, ""feature"": ""value_eth"", ""proximity"": 0.75, ""reliability"": 0.22, ""type"": ""numeric"", ""value"": ""0.0305 (ref: 0.0317)""}, {""anchor_value"": ""pons"", ""contribution"": 0.08, ""feature"": ""launchpad"", ""proximity"": 1.0, ""reliability"": 0.08, ""type"": ""categorical"", ""value"": ""pons""}]"
25.63,WEAK,team data,4663,RBH,Chad,0x234d91e43d2d7F5eA0886d9afbfaFB666BF744BB,ORE,0x8620b1ED6AB043b4dE85597B74C333e0DF50a63e,4663,RBH,"[{""anchor_value"": ""0.0650"", ""contribution"": 0.1916, ""feature"": ""priority_gwei"", ""proximity"": 0.57, ""reliability"": 0.22, ""type"": ""numeric"", ""value"": ""0.0695 (ref: 0.0650)""}, {""anchor_value"": ""pons"", ""contribution"": 0.08, ""feature"": ""launchpad"", ""proximity"": 1.0, ""reliability"": 0.08, ""type"": ""categorical"", ""value"": ""pons""}]"
22.0,WEAK,team astro,5042,ARC,BULL,0xc45ae84e38871a2c1cd9eeec489680edbcaa146b,CLAWNCH,0x6a50F139F3eD4C9c7bDa0D067c5Ed09De1EEBbeA,4663,RBH,"[{""anchor_value"": ""2"", ""contribution"": 0.22, ""feature"": ""nonce"", ""proximity"": 1.0, ""reliability"": 0.22, ""type"": ""numeric"", ""value"": ""2""}]"
22.0,WEAK,team astro,5042,ARC,VORT,0x4d57060f3825d3b995f35a30194f3e74e105f3ec,HABITS,0x85BD531bA0787D14fF20aa5a3d49E0E44Ac9650C,4663,RBH,"[{""anchor_value"": ""9"", ""contribution"": 0.22, ""feature"": ""nonce"", ""proximity"": 1.0, ""reliability"": 0.22, ""type"": ""numeric"", ""value"": ""9""}]"
20.14,WEAK,unclustered,4663,RBH,HDLT,0x8bcb94279FC2c984EC34e0C1f2192df8c69EA4F0,FLOOR,0xB98bF424fA411057500f737FdB773Ed874c98312,4663,RBH,"[{""anchor_value"": ""5"", ""contribution"": 0.132, ""feature"": ""nonce"", ""proximity"": 0.6, ""reliability"": 0.22, ""type"": ""numeric"", ""value"": ""6""}, {""anchor_value"": ""pons"", ""contribution"": 0.08, ""feature"": ""launchpad"", ""proximity"": 1.0, ""reliability"": 0.08, ""type"": ""categorical"", ""value"": ""pons""}]"
19.45,WEAK,team intel,4663,RBH,TESTKICKERS,0xc9a08328d187e27546392754e52aae4f147b1337,INTEL,0xE331eEdb3Bc25830e61b0b4835eB110cFb6288C8,4663,RBH,"[{""anchor_value"": ""0.0157"", ""contribution"": 0.1945, ""feature"": ""priority_gwei"", ""proximity"": 0.61, ""reliability"": 0.22, ""type"": ""numeric"", ""value"": ""0.0148 (ref: 0.0157)""}]"
16.23,WEAK,team intel,4663,RBH,CHUMP,0x0e0d2c89a5a019fe1cf762e5e33187631dacc21b,CRIF,0xdFEFF46129b666A6Fbf76e6ACE3b6218cd23f183,4663,RBH,"[{""anchor_value"": ""0.0287"", ""contribution"": 0.1623, ""feature"": ""priority_gwei"", ""proximity"": 0.13, ""reliability"": 0.22, ""type"": ""numeric"", ""value"": ""0.0249 (ref: 0.0287)""}]"
